9955	8761
8152	3029
5247	115
5343	5522
298	6141
9203	2496
7498	793
5220	6518
5814	354
4317	6396
7948	5999
8503	8917
5375	5031
6744	2860
9542	1072
4996	324
2825	8545
2711	6855
6316	2138
2240	5141
5037	8584
1075	5486
8207	6556
5517	7261
8487	5142
1984	1854
7676	2662
5108	3981
4334	3691
9476	6449
6388	4101
1777	2727
6861	1353
3934	8180
4065	5808
9215	5394
3479	496
6490	3437
1767	7116
7461	4085
8400	4476
3862	9359
3643	8768
5324	7557
3548	4225
5806	8515
7614	9543
2809	7887
8846	3860
7939	7742
4686	2297
864	5711
369	2923
7944	2069
4208	3580
9189	291
7638	7184
8635	4434
4204	3923
4807	9509
8027	9194
5168	1832
2717	8511
8967	6700
8249	9960
4498	5481
9445	5594
2406	5014
1954	2154
1150	7061
7307	1145
4227	7619
5571	4884
6791	7601
3988	8505
9969	9441
1326	4372
9247	9352
6872	8205
5891	57
9444	7881
849	340
6002	7933
7872	8278
9888	1497
512	6864
4444	971
9601	8355
252	1335
6098	8709
8088	8958
2313	4308
7677	8774
5189	5471
9024	4650
2563	3018
1684	9968
1394	7010
1345	9114
8114	6268
7602	3631
104	4813
4486	627
4570	2255
2179	6318
2821	6572
5752	9961
7881	9759
6542	6236
6902	4454
1750	1997
1961	9987
8529	7975
5796	5774
5423	9235
8055	841
7206	7898
3413	9135
4932	8361
9325	274
2974	1345
4433	3936
2511	4892
235	5937
9074	7630
267	1393
9762	4011
2473	5539
7037	8889
4804	3641
9674	2423
3448	9693
5141	2986
1508	1120
7697	565
8874	4326
4141	6511
339	889
5582	1186
1559	8595
3387	8591
4470	7705
5658	8588
7271	6297
4869	9526
924	490
9547	6062
8289	2817
1500	6108
2651	3451
9165	7720
1491	5864
1607	6249
2733	7885
3090	5099
9763	6021
5863	4181
9365	18
55	2887
6637	2388
3067	642
5858	6278
898	6592
1628	4437
9712	8059
9557	3260
2045	9603
9015	9102
2925	4958
8340	4612
4424	9308
1864	7981
1720	824
5860	6035
7940	2720
8781	8446
7570	4192
1598	1496
5059	7781
9883	3806
2004	1890
5938	9092
4527	7250
4365	3072
9591	5120
7939	4633
6297	1602
284	9955
8743	7141
2222	1299
2737	1615
8519	7497
589	4460
6286	6910
5003	7258
8903	1867
3723	3756
3351	869
4820	1454
9796	742
1022	7869
3344	7060
4117	4561
2839	2706
6574	9068
2779	4373
8269	6713
2355	6888
2302	1282
9644	4519
4003	4534
4959	4112
3486	4431
4757	4914
8905	324
4564	1400
930	4142
1536	9380
6357	8681
117	2199
4233	9358
7439	688
5376	1379
3896	8493
696	3674
8841	7203
2178	681
7762	9055
2482	3743
2133	3733
7747	1279
9446	9785
5238	9205
8962	3639
9839	8304
7486	7453
2066	4973
98	7776
2280	8993
9593	7826
9738	7402
9120	7951
2970	8249
9065	5023
6658	1619
1716	9709
8639	6031
228	8895
7513	4472
9187	1311
6373	8743
7157	4230
6020	4898
7275	1052
32	5174
7353	4945
6820	7315
8456	6402
7945	1943
4935	9404
9563	9142
6580	8077
2501	9770
8681	9240
5313	4661
3648	554
236	7589
3336	2403
792	9332
1211	7707
4049	3112
8527	4391
7230	8384
4062	4164
605	8079
5404	4799
6156	5590
961	5515
7687	1356
2892	5419
7632	6189
7037	4888
6613	4386
1487	7425
6748	7227
3068	1900
7138	6265
4859	7587
2332	4387
7593	7197
5059	5300
2706	4289
8296	1903
2621	8728
7769	6464
5682	3490
1943	3711
1933	3383
3912	5935
6419	478
7882	5120
2340	4642
9393	1521
8479	8380
7861	8166
7565	5278
3855	3068
4474	5890
554	3485
8886	1177
7277	4476
1158	1953
1025	1470
2632	8373
7769	7979
9795	9766
7246	3704
7763	7702
4902	5549
2957	6113
2931	5055
4189	1763
5234	5024
2170	5932
5967	9629
4602	8213
2211	4525
6704	6380
5075	388
2715	876
3910	9650
61	4052
1892	1741
8341	2911
1167	9726
8935	7561
6769	1692
5957	7991
9105	2065
9047	3428
2883	8156
355	5768
7151	5060
4102	5336
2380	6015
8571	3946
968	3691
6599	120
1483	6090
5934	9555
5914	1332
7950	6896
4959	8006
7685	5536
3874	2444
7225	2030
8577	8338
1583	1715
5726	3949
4146	2426
3089	631
5086	3630
7322	753
6062	9069
9582	51
6263	5746
9294	7505
8038	2330
371	3208
7877	7088
6198	7887
5812	3108
5782	5729
9860	6034
358	9896
3953	4416
3569	9506
7486	7751
409	543
9503	7422
4803	8421
7569	4394
7984	1431
132	7573
2799	9873
1634	4851
5604	895
6595	9150
796	521
2119	3508
6826	7385
3027	4195
3048	5560
7337	8006
261	4920
740	3880
9688	2699
5266	1301
3430	3445
6907	8119
437	3259
4282	1100
4422	518
7130	6036
2567	9217
2545	8614
2723	1308
3687	3507
8325	2739
5759	996
5082	8464
3958	5178
965	1243
4786	1549
3764	7161
8703	9690
8854	7997
5040	9116
1766	2873
7256	7266
1224	5533
2649	4409
233	7724
9121	2866
9271	1787
5291	6622
1060	1418
3259	2327
8164	4307
8885	9206
4200	6806
6602	2467
7558	4927
9996	986
2380	6281
9362	4129
9735	4739
972	4564
6814	7084
1656	2170
7313	3481
9243	3531
3845	7453
6490	5923
3038	3553
4413	9507
7872	1242
3567	470
9359	2754
6604	1184
5983	2419
6137	3515
8521	9437
1852	9509
872	1478
4534	252
8696	6742
4597	6113
618	2960
2666	26
5511	8003
1900	1620
430	1049
1739	6151
8879	6862
5567	6078
7944	5004
8638	6044
3584	8786
4313	6297
8749	7741
7218	777
3306	8979
2421	7854
3147	633
3916	8248
6653	2323
1	2060
5056	1312
7356	6853
6439	3059
6176	2882
6512	1074
3197	5026
3938	3339
5293	3183
1524	2919
9187	4338
304	5770
3831	6599
7233	847
8754	5705
2449	9621
271	8560
439	2639
2979	5761
7756	5250
8845	4489
62	9040
2901	2501
4216	408
7169	5416
5720	3815
6992	853
6943	1347
8423	6291
3386	2755
4634	824
4478	4581
7921	3469
8281	1646
8428	1091
381	1604
2018	9542
1326	4686
7419	3720
8488	7430
784	7879
8358	8505
6754	8954
6879	2374
4842	412
3495	3497
8261	6271
8373	4100
7101	3282
8913	2097
5082	108
7087	8940
1008	4624
2847	3724
1562	5010
2653	8152
7390	452
8198	1609
3819	8328
5564	6636
1997	3261
8938	364
1985	4102
1846	6846
7063	5544
5918	8084
8250	1160
2130	6820
7586	3095
6259	8363
2966	6435
5508	163
3862	8254
4443	6630
2137	7169
709	8378
8438	7358
7084	4382
8489	7751
400	1830
587	4162
3760	9574
6889	9766
9741	752
8271	3767
297	6573
9722	680
6094	4619
6743	2155
5489	1108
5332	2613
3550	9136
2603	1193
3965	4860
4933	6674
838	4954
6274	1623
7235	5819
5567	3605
6080	5877
491	3396
3287	5389
3208	6882
8723	7725
1163	6916
5783	2261
9917	2776
2429	5858
5499	7280
7145	9420
8271	5259
3069	2831
4269	9300
9950	3846
7667	9635
7772	7499
6942	176
8255	6664
6404	8579
7385	4758
7312	6245
346	7030
5436	6379
4949	6465
439	5797
5349	9927
3332	8294
9393	8848
8801	9858
8436	2024
2393	9377
8771	9348
8939	6232
3331	7935
6907	4696
116	9425
1365	5509
3304	3509
8029	2985
2758	7178
4205	8148
402	512
5304	2002
5464	4449
8107	1331
9160	1415
5569	5813
3093	3297
4988	3646
9928	101
1984	1036
2792	7668
4275	6273
7	6701
9509	7235
7936	8034
9615	5103
5238	5978
9242	5675
784	9942
4153	1807
3281	4921
3848	3792
9331	5849
78	6377
5756	2257
5623	183
2527	8747
7540	3156
3495	4515
6271	8302
5116	8348
4707	8394
6401	7693
752	961
8028	307
5020	7605
9659	4242
3445	3372
4517	4306
4044	1061
1455	2595
5146	1557
3249	414
2024	4268
5941	3735
9735	957
3692	5247
1208	5450
8306	4448
2702	8588
2134	3616
7096	8236
8338	7679
7155	1403
1251	7792
9790	5635
6290	3740
8975	8330
6151	2801
9652	1478
3518	4106
7878	7875
5622	1666
6978	8503
601	863
734	5877
2224	5190
3294	4272
8970	5842
7675	3058
7479	9334
745	6707
1750	9500
9531	244
9883	490
1240	5707
4335	961
3798	9580
2	2235
7600	9947
9744	7161
1717	9376
807	1565
8532	6177
5879	2300
579	9656
8178	9670
9392	7260
1804	3486
1744	5302
4328	393
8899	6060
6850	5037
9299	4792
5115	5595
9263	641
2082	5285
5401	9452
4151	4776
6005	987
5823	3464
2956	5757
8188	522
7268	237
3965	8618
1126	3243
487	1529
8006	3790
6464	6969
8308	4944
7714	1680
4131	8100
3682	848
1609	2138
8597	7775
941	8169
7157	9129
4927	2405
3264	5418
9475	8429
7759	39
4821	1657
9339	5706
5966	7259
9364	5701
2370	4539
4373	8795
6239	4585
9854	2660
9568	3551
7173	6230
6611	5021
2817	1883
9025	3189
7571	3622
7342	1397
4470	2602
9826	8323
4956	2094
7397	8161
79	8326
6793	4106
4995	830
7698	4687
4726	6275
4614	4163
349	7773
2111	3906
7333	3393
1402	5420
4847	2858
7613	6286
295	3562
8695	4263
3832	8025
1822	4010
2525	7841
5864	7993
3784	8791
8036	7854
5788	9696
1375	8681
255	1843
6891	2779
8392	3021
6129	4608
7075	6787
1050	4812
3448	1126
9180	4734
9377	2033
4248	7605
6726	2303
5263	2561
3756	5727
8424	1688
8248	3851
949	468
4367	5954
2000	5293
5232	9631
7886	9748
1435	2035
3400	545
7888	7776
5775	6757
584	3927
1587	1041
2819	5652
1	3733
2439	3092
2014	4983
8659	1342
27	1573
5487	8990
9063	9751
5948	3244
6097	8536
6112	7401
4925	8964
7080	3955
2163	3351
7869	6428
1718	8563
5534	8243
984	1505
7819	9487
5728	8279
96	1394
1907	5626
5171	2984
5271	3652
3207	187
2612	9264
6552	2860
2039	5107
6464	8888
9286	4807
8828	7523
3966	3070
2925	2615
7340	925
1389	6466
5152	9996
402	5992
1090	2740
5605	1020
2630	6757
9033	791
7332	7079
6939	4839
6335	9669
6708	2422
3930	4501
3337	6626
1180	6009
1270	3220
2189	3397
6450	8519
6010	5124
4121	6464
8492	2424
7804	6323
8509	8605
3655	2112
6252	121
150	4867
2373	6568
4601	5251
6167	111
3009	4077
5011	6271
6285	624
3233	8475
613	4802
5062	2643
9640	3267
5584	1097
3752	6580
3990	1674
7245	2931
7978	7423
3192	6341
8179	7544
7698	6388
3592	5661
4712	8272
1031	3123
3817	1320
2342	8995
9104	2648
3227	6938
3830	7897
4195	4201
2526	6392
2757	2593
6154	7249
6901	8986
8512	9631
3702	4835
2667	3831
1174	5590
9769	5185
1383	1440
5737	8630
7526	6513
3969	6668
2455	6290
17	7596
624	3331
3213	8642
2995	6383
7038	755
8895	4580
4268	9667
9810	3070
8805	811
662	6573
801	8635
3127	7600
9732	5135
472	8226
9399	8491
1875	1836
9499	3870
7126	4416
7626	4109
2953	8789
1896	7440
1130	3444
7893	8573
3210	7545
3924	5609
2478	8531
133	5230
1093	4680
627	5067
7689	6757
2652	8659
3283	5925
4468	2648
4929	3910
2540	4309
1003	2750
4145	1729
2757	238
5494	6672
1072	6135
8228	5678
1263	4409
3853	8884
8331	6914
2169	6776
9825	5398
9049	7704
1619	4813
8579	6181
2853	5528
7680	5725
446	6473
4480	8402
3981	7837
5081	6089
668	8893
9731	7505
7081	6064
391	8229
7101	7194
8695	75
3946	3327
491	7337
5669	1924
4415	5968
9521	1921
2392	9457
5755	3598
7876	3390
1053	3274
9134	4858
5797	7305
7983	1725
4813	3082
4416	7692
4398	6435
5091	7172
4136	9663
2813	7883
723	2561
4718	2975
9657	5863
6400	7880
2623	1876
240	6567
3274	3564
8276	7256
8273	9857
5241	6337
7916	6890
1167	3197
7688	42
8246	3833
1528	6305
9800	1253
3052	5775
190	332
798	8701
1196	5212
2246	9273
3243	7968
4089	109
4674	1563
1509	3701
9890	3439
3183	9008
3242	3939
340	7851
6243	951
8044	9937
9670	1238
973	177
2372	8353
9214	9855
9080	5088
5381	7878
3538	8008
2561	3778
858	872
2421	4194
9699	9179
2050	7056
1356	7190
3133	1746
2491	2281
8795	7558
6087	7060
2961	2836
8122	9687
8095	2097
4636	9536
7106	1400
9029	5864
3239	7512
3496	6721
894	7857
5016	2707
4128	1107
4271	7117
1122	8500
1992	1473
4597	7737
3431	4764
4399	9588
880	7374
5423	1100
7208	5359
4319	1766
8121	75
5724	7775
4108	6648
2002	2791
1647	4154
4702	7000
4527	8152
8607	9160
3087	1666
7950	8683
9292	5491
8238	4539
1128	4877
2565	4599
9577	553
9398	2612
8253	2018
1797	4763
1692	8516
7308	6139
8244	963
2789	9085
9138	8614
3551	2839
9602	3876
4783	1820
2044	8054
365	8248
7125	9778
5351	8558
6867	2523
2914	9476
8295	821
6872	9071
6830	3439
4045	198
5096	9907
5620	3161
5980	8217
9445	2445
7400	2029
3885	4316
1703	7440
9723	2282
9075	5186
7622	5612
2136	5285
6339	6534
1877	2177
4030	3731
49	4994
9953	4122
8305	403
2034	9031
5345	2431
3561	2694
4271	5843
7526	913
984	3856
6532	8017
1454	3040
5226	3937
8027	3698
5514	5606
9856	891
1543	252
3753	4132
6517	8182
705	1009
279	5493
5679	3286
9465	7602
2245	2043
2861	9607
2199	954
1210	6849
5177	5799
1207	9309
6414	9713
6443	1578
249	7412
9571	5203
7566	396
4290	3856
6709	2922
6696	72
1818	9098
5211	701
3567	2214
680	7635
8100	3957
3478	8826
5397	2342
9085	4289
9367	3799
7006	4001
5314	4276
1749	9185
2421	3554
988	419
1454	7541
7298	1295
6119	1116
4084	1493
3457	6428
6955	2929
458	2547
6686	4978
1274	7883
1142	3510
5593	3037
8366	5380
7280	4338
3335	5711
341	5802
3197	2340
1629	4794
6774	1095
375	1475
1224	3786
8861	3947
6471	2100
2117	7538
6623	8237
6623	8729
6815	6561
1350	7737
9891	1706
9013	1365
7020	7663
1393	5674
8871	5507
3709	7244
2117	6213
1325	6284
9996	7157
756	529
2461	1168
1991	2428
6440	379
3005	982
5480	2546
989	3922
5257	9802
3901	1447
2455	49
8581	7691
301	2992
8891	8130
8996	4017
8392	1320
7283	6141
5832	9291
3792	4266
7197	7030
8216	8546
8096	5263
2408	9790
1986	878
9351	2475
137	9302
4028	8771
4425	7925
4852	9873
2939	1765
6861	6644
3603	7784
5444	1788
6717	165
3398	4392
1331	3992
9285	2258
9726	6930
3184	4434
8108	5999
2274	4164
6396	1880
4528	259
2863	7415
4835	9670
1874	6185
1561	6532
4357	9701
8608	3119
4576	8378
5758	4790
2999	9408
1275	8614
805	3544
4277	6055
6476	7479
3422	9761
8290	1466
9321	9491
1184	1627
4418	5268
4347	2396
9131	452
3372	2199
2152	2639
4109	5760
5717	7259
6743	5875
2383	5915
682	8152
9497	5213
2603	9850
5636	6515
4356	9690
1703	2650
5636	8790
6540	6362
2310	7049
6203	5269
1133	8251
7708	5886
8831	1516
1543	541
5935	5887
8931	5897
2372	5319
9604	3466
5070	3683
3167	8376
9147	8130
1915	8361
942	5464
126	7266
830	1811
9152	4263
835	3377
1530	7234
4201	5557
3976	5998
1540	6022
7912	1541
9524	5924
8298	5111
2109	5745
7704	9862
3741	443
8532	8237
7504	1069
3688	7196
96	1527
7882	9391
9732	1553
8502	8758
5016	800
1135	1197
9558	9058
282	5465
9861	4376
1116	1516
3402	9557
6453	132
1207	2353
4839	3706
6868	6796
6704	6850
5148	1672
6021	2073
1543	3686
3349	9063
6185	7890
6978	1881
7965	4033
6532	2827
1099	6417
1022	9949
4015	2501
2362	7118
6060	982
7048	6286
6260	1935
2611	5802
896	9171
1799	2969
2432	5459
6306	1983
2689	1673
1792	3136
2631	3458
9426	5149
1941	9455
3423	3067
5544	6802
4486	7118
6177	6201
8878	127
5137	7435
3580	8955
2475	8721
7112	7347
1515	1154
7379	5776
3709	233
7291	266
9568	9342
7155	8681
5403	4438
278	4473
1598	4478
2737	8861
8890	2553
6287	3222
7918	5388
4995	471
9306	5381
5683	2517
5461	5566
8287	463
8976	8631
2111	21
8891	922
7140	7924
6554	5667
112	3420
3489	8018
2841	4559
9337	9390
5272	8084
8971	7997
4189	8554
9776	6459
4851	3075
3776	6417
3626	3632
3267	5167
3673	5093
4798	8292
9227	4686
5389	6119
9331	2605
8985	11
6416	1222
2565	7803
1665	4617
8470	4067
9129	7799
6436	965
6492	9488
1182	9282
2047	7455
8488	8029
6448	9146
5379	559
4912	3328
1237	7984
9596	1875
3856	9161
4919	6196
4903	5769
6064	6869
1950	759
9319	773
4802	1022
6780	8342
8165	109
9793	4655
7916	8724
8948	7191
3065	661
5701	8134
8840	5568
955	4749
8637	5517
4019	9608
3881	189
4577	7902
2093	4613
1997	5248
4139	8578
5101	3712
3247	2187
9050	6846
149	1729
2997	205
3946	8237
7844	1441
4308	7760
6918	9597
8163	1373
6327	471
7724	7105
3947	7438
3887	4874
1050	2476
6797	1644
7300	8558
324	4386
3319	8116
5118	6104
5415	619
8806	8961
3606	2572
89	5466
4660	3817
9193	3242
4848	2521
4654	3544
6979	9200
1967	1428
241	4455
1065	1634
7801	3968
359	2468
6009	9970
191	3534
2098	5840
4221	7623
3100	7542
994	3791
3975	5833
2941	1109
6653	9607
4040	3584
9506	1810
39	9850
1996	7550
9275	3533
790	6861
5767	8106
2239	5825
1560	4124
7587	7996
9898	3301
7037	4470
379	5592
3031	454
1959	5288
7878	8321
5752	900
2906	7159
3465	7737
2360	296
7444	2978
4014	6668
2850	6573
8650	9299
3003	7857
2201	8973
3005	6845
1334	2696
3482	8759
7447	258
2654	4291
2106	2119
3759	1507
6384	480
1769	7013
1693	6265
8172	22
7049	1706
8914	300
5669	7961
8708	8192
5838	7050
7323	7859
59	7180
5901	6131
9077	939
8250	3781
743	2353
3725	92
2084	2319
1355	2305
5715	4615
1757	5151
2232	5345
3251	4322
1175	6100
1588	2432
5294	4093
8819	9212
8522	300
1499	6333
8732	4623
6625	9514
3304	3285
3327	9881
8001	7690
5627	4145
4174	5959
9604	814
5491	3322
3650	5689
6628	9912
5866	908
9300	8580
1268	8520
1858	797
6144	253
3065	7280
2898	3696
1751	2502
1508	8243
9979	1480
6770	3314
7655	7725
4615	7362
2833	9310
4367	1350
8161	4994
5622	6646
4793	1267
9119	9575
8969	5523
8753	7714
4417	3251
6724	1024
5181	9154
6707	1582
720	315
8535	3799
6765	5809
5507	8442
559	8850
8015	197
8975	5666
2789	8524
2074	2518
1535	3935
7476	1264
8186	1245
3588	368
1414	9381
7181	5809
8110	1935
1445	1063
9764	6105
2130	4458
6570	1844
5300	9422
1418	7443
5962	4243
5102	2873
947	2337
5713	8867
551	4196
3108	467
3291	874
8299	3429
8058	9207
1627	3954
2700	4620
263	1824
2282	9218
9712	917
3856	1215
7159	7026
3314	3537
3690	3932
4841	7398
274	9880
2006	825
9103	3800
9084	7134
8000	564
8806	3616
6526	4235
7331	1254
485	7652
7614	5087
4959	8751
519	366
8099	4748
1498	3281
5634	5278
5467	865
7668	5676
8198	5770
2703	4290
3377	3663
124	1043
1504	7694
1868	3048
1044	7788
1141	5551
4389	5401
1228	5745
5869	6849
9022	9150
8169	8436
4557	8962
3927	70
6222	5499
8466	3070
4672	3076
7477	8368
1196	2512
6466	7208
9548	932
3294	8787
9464	2247
4256	6447
4624	5879
2532	6733
7954	7975
3689	9623
2368	9011
442	7784
9618	6312
254	3102
3475	8808
9804	3565
6974	6053
7767	858
21	8387
2086	7572
2877	3685
7170	8880
7338	757
2083	569
4111	2837
1888	9966
7506	3838
1424	3908
9605	8401
4036	5782
2447	2654
9874	1174
3068	9107
742	3177
2438	3173
2597	2158
8192	3794
1533	7608
4491	6667
8542	9894
4958	9516
6724	9575
8591	7330
2741	9555
9483	6549
4639	7554
4174	4684
2758	9063
6780	5340
1095	8372
9951	2449
5119	7241
9304	3999
7343	1071
4443	4548
2710	4763
4432	2304
9431	309
903	1260
5459	8075
8790	6530
5120	3736
4825	914
5938	4320
6691	124
7680	3853
9162	4375
7247	581
6805	7067
9681	9267
9903	5119
9000	7777
1887	4440
7122	8046
3115	1189
5874	2757
8562	4543
8496	3636
3963	8580
8903	1742
1153	6677
1953	2550
8658	8477
9773	2328
235	8199
9929	2786
6017	8451
5439	9984
759	2424
1910	9113
5883	1834
7729	579
1346	8199
5173	2214
6728	8461
9776	8794
4647	5372
8831	6651
345	6142
1285	691
6973	689
6900	1023
8211	4550
9342	9938
3889	6915
8817	2016
5362	3200
3707	4565
6893	1805
787	3581
6483	12
5232	9491
3128	1799
2389	6278
7031	7446
5030	4095
9886	1065
7826	8288
3857	9612
5446	4310
9515	4291
500	6913
8520	2827
4326	5816
8018	6367
601	6267
3529	3936
6063	7602
9226	2717
1177	4372
4121	5726
6950	9277
7873	3013
1598	2825
7376	4547
7698	1723
4185	1411
4080	2297
1310	9031
2432	7289
4675	4416
2556	2167
1392	224
911	11
7517	7294
8043	7427
956	7552
5567	6056
713	1889
6394	4170
9495	3681
7663	9604
3401	9557
9146	1444
2292	6301
4419	9139
8754	7931
9915	8247
8487	115
7557	1788
5699	6829
9691	9975
4767	3515
2331	9224
4223	6831
2472	4780
6275	3893
6886	1192
1508	4117
2721	2077
8834	9155
275	4089
5584	5960
8687	1837
7576	6925
4311	1735
786	2141
7005	1132
3429	3931
7349	1223
2171	1894
8878	4941
5430	1475
4804	5731
7991	4505
8928	7690
2805	4206
3670	8058
2159	18
2275	6504
2311	9029
8521	8602
4037	156
7889	2905
735	9028
7300	646
2646	4842
7835	6364
6722	956
2777	8940
4767	8301
5094	7936
9236	1948
839	8943
6596	1829
9154	6945
1568	3666
8396	5662
1110	2728
4980	9287
3958	7489
9355	87
9457	4363
2278	5551
9122	1345
9657	1022
9432	425
9850	6397
5978	9413
6126	7702
5164	358
3232	844
5013	4723
1657	2879
8453	8862
8289	7622
4350	7017
1791	4907
5141	5789
3004	4248
8928	8997
6094	9538
9719	690
7789	6171
1993	272
9130	4596
2857	5393
2330	3717
8576	7566
7568	7081
8830	8193
397	198
1984	3689
3950	2189
1955	6503
2882	1706
7890	1092
4680	4887
6993	3064
8639	9250
4845	1895
9284	3943
9892	8956
8062	7529
8807	7360
7069	4731
7716	3141
8587	6485
2928	1379
1404	2124
6529	5963
1144	7024
9821	8568
8962	5059
1912	5081
6257	9323
2562	9310
6572	8252
3568	87
4987	5125
5728	7613
4334	3613
8458	8293
8744	2540
1398	303
8545	3024
412	1401
2424	6708
9189	5072
4954	8073
5034	6734
1389	2210
6215	4839
3064	3754
7677	2243
40	30
2525	3906
9183	4716
542	1869
6968	6563
2366	8592
4396	9081
3711	2055
1401	7493
3624	6693
6473	8707
8239	4112
1253	2085
9468	1692
7210	2566
7648	3042
4212	2873
5975	4
6584	4867
1349	1799
2693	3218
7585	3726
4186	2217
1395	5648
6663	2000
2600	7100
9022	4602
8578	8261
3207	142
4780	2821
9286	1294
6657	3510
6473	1658
8937	1925
5680	5361
1583	3060
5427	2141
7858	865
1381	1629
2280	3875
5063	6672
2305	9349
9284	5863
2087	419
2704	6049
7631	6451
3878	7912
7053	1401
2090	2574
4504	2931
6173	7201
8413	212
9157	7965
2001	2026
5153	5663
515	7820
7355	3039
1766	1609
7567	3976
8514	5692
6851	4722
4231	5000
8431	3589
7014	433
7099	6591
6220	6226
61	9968
6258	9682
6276	8058
6799	2878
4508	2538
8127	3550
7337	7536
3630	4648
618	7727
4229	5697
9743	2398
9951	8362
4127	1033
1767	6734
5225	8006
3016	1780
1264	6426
9888	5090
8050	3731
4117	3236
445	199
2275	5597
2404	3610
3479	6737
466	2447
5220	9065
4	6800
9563	403
8607	4997
2683	8054
417	6138
4338	6297
2554	8639
884	8720
6969	4741
9390	2999
6899	7308
3948	9659
8174	9136
9860	1540
5949	9799
928	7255
7879	1643
4270	9527
1163	2648
6884	8343
70	9751
4998	1165
6286	664
5987	6188
6417	1704
9759	820
621	3502
4291	9644
8454	3554
1867	2707
9447	8176
5702	7647
4600	8005
6127	4338
4758	3128
9492	9935
1876	9922
7607	6538
8982	7313
369	4580
6780	5388
726	3016
5562	3414
6662	144
3456	4963
5054	3939
4645	3518
2325	6798
4823	2975
2499	7836
4444	606
3563	4007
4038	5962
5027	4618
7081	7607
6566	9417
4026	9472
8606	67
7258	6399
2877	5021
4713	3008
4170	8342
4634	2124
7672	4043
2304	6606
2031	4976
2357	2028
2394	5748
2315	5463
7308	6048
5004	7343
5411	3353
5847	9443
8331	6844
7914	9122
3519	1286
2510	9052
3565	7230
9498	9860
5597	3158
2025	1561
6930	7576
6931	5561
7617	628
3941	4930
9762	4393
2936	4700
3430	5029
5283	697
3890	9154
5034	8804
1949	8078
6953	765
1129	8465
462	3819
4267	3268
8611	8388
9939	5509
7117	8952
8282	1206
2839	8995
5578	1124
1674	9130
4216	2076
6497	1074
6210	4062
8578	3730
4555	1849
9529	4535
1850	2290
7481	6497
7570	3042
4849	4733
6283	7401
4906	4020
6484	8643
2269	3943
6906	8452
3871	211
1035	1288
3547	9411
4959	4915
1770	4337
1801	8197
1364	9275
3751	8937
8092	7253
3006	2680
6644	8211
3351	4737
3454	4153
4161	7933
4503	12
1118	8376
7545	1352
2648	34
6784	4788
3465	98
2561	2897
4563	2894
2835	4326
3432	4870
2840	1564
4915	7942
4901	7611
3455	4373
4667	1432
5788	2033
5289	7221
8084	3439
9427	7444
1392	3182
4223	6558
9753	810
1164	1361
3302	571
3947	6694
5430	8659
3515	4681
28	2728
8804	2711
6394	6953
8748	5126
5927	7695
6954	2188
4043	9237
5818	2467
6698	7347
8980	2103
9068	2291
1212	7207
4329	9531
3344	7456
2591	5349
6142	9384
8851	4784
9660	9316
5164	8709
3274	3536
4334	5240
1099	5614
2763	7133
323	9780
6490	856
3828	6512
4344	7320
5283	7457
516	3815
7465	7378
6528	7712
504	749
3887	6594
5356	2788
3851	5432
5678	363
7266	37
1946	2306
2035	3571
9653	6279
3531	8487
9761	4658
4127	9457
3286	9444
9437	8849
950	4794
2551	4230
9612	976
9009	6100
7746	1365
3454	3890
7105	2790
6652	8963
1113	5580
8165	9384
5221	4519
1434	1870
2568	6981
3416	7335
8225	440
3754	803
3101	9265
6759	1238
2818	2709
2973	4867
7035	9044
1569	6932
2406	8347
8211	8238
2212	52
7705	255
4991	9957
2036	3915
8734	4791
8597	5942
6872	836
9405	9579
8363	332
4661	4084
874	1705
4347	659
8237	6975
5957	3921
3602	4836
7434	7398
9764	1763
5296	5300
2760	7942
4896	6005
4702	2330
3272	2787
2713	2294
5060	2924
6378	9686
3688	3824
3600	3842
9292	4730
7690	8209
2394	1090
8608	6382
971	8657
6053	3579
6817	1806
3982	5631
1533	3013
3522	8965
8603	1937
7689	6615
8783	4812
4953	1456
6950	2750
343	7907
3358	4306
7111	2273
6131	9163
2957	4070
6893	8752
1886	6204
9837	7841
8417	3272
339	4349
2301	3893
4803	5181
4291	9542
7858	9692
9446	6230
7438	9096
3378	8199
9191	2844
5886	3278
6030	9953
929	6085
8876	9872
8108	2325
708	2503
9576	2333
8279	4605
4772	4996
3594	3382
2541	6983
4007	2152
4503	9341
8249	8747
9812	3436
6434	7975
6098	5036
8483	8853
274	3782
4686	6352
3327	8200
5641	1864
1448	6201
2858	6912
5936	4905
6893	435
9310	723
8451	5850
7062	1375
9587	2323
3110	8086
8539	1128
2836	5179
3332	2957
8436	2225
883	9097
3241	6702
3059	7446
6880	1316
6585	2524
2940	658
7594	282
143	4236
2127	31
9902	2317
2231	5438
7372	2721
9482	1916
9668	2123
7410	9717
9582	4796
2472	911
8853	7551
3681	8440
3355	5254
6378	8295
5389	8952
4455	2465
8671	8230
4496	4860
1025	1780
3562	4302
2454	4513
6503	5680
9104	4052
2647	6428
9980	8414
8707	1542
2164	8241
3306	9014
1265	1041
877	6444
9789	4023
6285	9202
4147	473
9885	6127
6981	9908
2539	4651
1990	4340
7675	5745
5236	2057
3173	3959
2272	118
6287	6745
3633	1151
7356	2377
7608	5039
5384	5383
3732	9064
183	5180
9661	1916
9328	565
3910	5805
9744	66
3043	3252
3595	8422
1975	4620
3330	9967
2549	2044
5957	2695
6378	5166
6394	3007
674	6644
924	47
8997	5989
1984	4149
8083	7643
7919	9612
2838	4656
2591	5548
4009	7118
1700	1949
1593	2178
4213	9898
1990	2438
1030	2404
8420	5364
1156	4229
8820	4614
6913	8136
8093	3208
7215	4802
42	6547
9628	1729
9474	5967
6072	4344
5275	1772
8380	8808
6233	1899
1668	1667
1870	5160
8133	9122
927	1409
4642	6753
5886	9792
2094	2936
6076	695
8377	7386
1292	2028
1630	1728
1997	9290
7769	607
9284	2576
2813	5004
8619	3549
5657	2214
976	5200
7722	7941
4482	276
8093	866
6164	5017
7831	6368
8572	3928
1369	1422
3883	173
2393	3191
6318	3753
1815	4011
2790	9933
6524	6550
2729	5496
4395	3732
5072	56
8846	9584
5496	9622
7254	7886
6324	8426
8615	867
3172	6319
3097	5292
4616	7154
1008	7518
8909	5596
8307	9786
5279	6883
7357	8950
3129	3001
9158	15
4974	2365
1793	4013
1161	597
9652	5914
3541	9887
1829	8474
8019	2040
9027	814
7163	7769
6926	5692
3303	1709
2628	5921
583	7358
231	99
3655	487
472	6628
6755	9594
3941	3605
1465	5181
810	5761
3494	9251
7662	1949
9137	7053
253	3590
6337	3348
7665	4770
2513	1560
4350	2075
7903	8135
1742	5205
417	4805
5067	1826
9191	9898
7374	3731
5522	3341
6842	2554
7220	7378
7244	6979
4943	7088
3914	311
8196	1180
6744	9285
1933	9287
1298	880
7527	6262
5937	3274
4222	7788
8682	3202
2525	7035
6471	378
9941	6911
4537	5897
3451	1274
3289	5244
9477	4172
4992	8517
8085	3633
7512	2741
220	9607
1052	8593
3401	5749
2074	3633
6065	6456
8348	8172
596	6617
2339	9550
2712	5078
6910	159
8134	6210
6488	7780
6166	2108
4138	1193
5903	8897
8580	2441
7	9104
6305	896
2059	7682
4727	9998
3262	3762
6008	394
736	1709
4015	8948
45	69
4357	3766
6312	7468
6440	5779
3196	4104
7254	8324
796	6168
8613	4494
5793	1280
2302	3570
7482	3294
6850	9649
8870	4442
9728	936
6533	4232
3901	4879
4977	1062
763	869
5308	7648
9326	2760
8675	7549
7299	924
5051	3670
2699	2939
9419	2138
8076	8341
5532	8670
4498	1941
2353	3202
4146	3924
2688	1469
4141	4958
9533	9855
8360	7617
7836	978
4792	8363
3217	2086
1195	7765
2971	6186
1512	8316
2766	7657
4354	3174
5080	4664
3154	6434
3444	8930
8421	7034
4720	2274
8299	2395
2289	811
8005	34
5812	3420
4954	7001
5884	4701
4515	6283
2898	3823
1649	1021
1730	573
4587	5557
2016	8418
8565	4108
7244	7461
1693	6763
5831	7270
5658	5370
3524	5862
348	6737
18	9709
682	3270
1949	6009
6472	1413
9790	3147
1836	382
8956	3344
7535	4355
682	3364
3916	796
7074	8291
6029	2088
4272	7411
791	2303
9321	1626
8599	8507
2352	9966
3076	5431
5268	6334
5557	7257
1536	1614
1806	6757
9953	8011
9797	485
1364	7737
6186	2639
1556	4329
574	4249
8948	9379
8626	9121
2650	4104
7578	2987
308	7486
9135	5119
5762	246
3818	1363
8427	9758
3014	5126
7453	6961
2127	5421
5212	8307
561	7090
8015	2099
8723	2358
7052	1805
803	6974
3030	5830
5182	6296
2843	9277
3472	8030
8306	6388
9683	3713
8533	5618
7152	9225
2478	7056
9287	6689
8205	6576
7893	5522
4788	6149
9133	734
3449	2096
5564	9362
556	5260
5554	8296
3012	7820
6870	8708
3156	2697
3000	903
3579	9685
1366	6187
1017	277
8199	9764
4477	991
6583	6920
8687	14
7731	6800
8420	2414
3864	5947
6471	9748
2715	7171
5991	7312
5492	4669
2498	839
6832	1413
4000	9741
7061	8456
9551	6934
6105	379
6212	5580
8032	215
8517	8930
1616	3659
2277	5306
7719	2700
1756	4897
8608	4633
3891	9037
1707	5650
2088	4654
9226	1916
4552	1691
2624	6023
2581	585
3704	3010
5031	468
4246	6044
9063	6159
3056	7882
2380	7080
4400	9466
5152	6005
4581	5324
2255	7009
5059	514
5928	1569
8152	6663
9588	471
3739	4020
1457	2562
7106	13
8962	2983
7193	8358
715	1871
3742	8532
3292	4908
6992	4185
7399	3865
4447	1497
9330	5926
6796	3235
8729	1736
5043	9426
4504	9309
9963	8384
7994	7669
9731	7724
4442	2448
7742	3489
8561	7992
8783	2759
1066	5655
9874	4120
3951	3584
7016	2327
6	5964
388	6800
3071	7809
4818	3440
120	6841
4981	9852
5579	4682
5429	7078
9582	7741
4328	8168
6363	2300
5732	9078
5935	5244
4182	5048
2486	539
368	6736
9307	3790
3315	7280
8403	3715
7805	7711
8407	4336
8750	388
4357	4232
7196	1373
3718	7008
7739	7258
6666	3071
7759	3920
21	1862
9455	6186
4520	439
2044	7585
5449	3360
8203	5016
6490	696
2093	1100
3728	5814
9361	94
3496	8536
3449	5980
3462	9477
1944	6672
5306	4253
9424	7715
1450	6879
1140	8126
2778	3694
1580	1012
7423	5194
8798	6847
5597	7014
3256	960
2293	7378
3053	6983
5134	4583
7497	4823
7343	2887
5651	6233
6740	1489
5586	1557
6577	5786
5868	6002
421	7625
9606	2220
6405	2805
4400	5888
6838	5268
7895	5539
5703	4926
5284	7675
2488	5818
184	2873
4793	9003
5821	8463
1185	8930
2921	1959
9024	2769
1189	212
8836	391
6078	1991
73	4701
5172	3170
9737	7802
4957	4616
6447	6720
8417	581
9142	3041
2180	5465
4553	9132
6622	2923
6835	2575
9480	7716
8453	8095
6891	10
2903	8041
7877	1012
728	9714
3961	2787
4136	9510
131	9283
6250	6651
1366	9385
1810	7227
9967	3392
8957	1282
5888	8189
2948	7292
5787	870
3496	3905
216	5873
6953	5818
389	9723
4126	6462
461	3718
686	3433
9121	998
1800	8137
753	7488
4386	8180
4094	3549
7175	4295
9379	2460
2728	9888
2	3307
2319	7153
3182	3581
8185	422
2952	8195
5176	4242
1078	8721
3728	1781
854	660
6290	1563
3032	7605
6203	4799
6401	7606
9114	246
8121	7020
5231	1110
933	8216
6329	4176
6901	8760
7762	4631
752	9326
3638	4764
3752	4188
5061	4657
760	6463
3167	3921
3202	2732
2270	515
3505	9890
4035	7883
3719	3032
8710	2689
1386	9461
9257	2378
7745	9466
1454	6624
218	5400
5104	1104
4204	4096
1346	9626
179	8384
6151	7154
3778	4303
8515	4081
8784	9896
7447	2644
2280	1066
1265	9938
1159	8265
1523	5477
641	1200
5880	8497
1887	9555
6752	6254
7863	8179
6737	9791
923	3954
2257	5357
7628	1098
5	1397
7422	6704
7339	971
4686	5432
5296	6163
6454	4718
2822	1136
6151	554
2922	9358
1809	5365
4687	9473
8105	5876
3568	4082
2505	6586
2930	4300
5746	3036
7022	3876
4223	3536
3362	9169
6528	4716
1802	1229
3327	2103
2962	2673
2808	7746
6035	5729
1798	9954
3413	2074
7663	70
1720	663
8996	9081
2785	8796
2181	5835
2250	1337
8751	6649
1967	4246
866	174
2863	8971
7915	5246
5983	5786
7605	3647
102	4562
2400	3450
344	8829
1591	2185
8083	1440
8449	7100
3951	2510
2902	9467
6321	9802
4128	3945
1783	8407
1624	2937
3054	8759
4297	1783
7040	4471
8468	9632
4081	8126
6510	9248
3949	7782
8709	5518
3263	3923
7406	9381
5277	2253
1317	8237
251	9512
9085	3913
1817	1645
40	4649
9699	3146
1601	4380
5323	467
5705	515
9570	2741
4717	5370
97	6782
1218	6409
4074	4908
8126	6638
3915	2364
4992	4914
5272	2240
1218	1641
7253	3927
2868	3517
345	4623
3266	3271
6614	7216
8423	47
9779	1488
5596	4117
9281	7310
7657	8284
953	7832
9625	6237
9973	3750
6868	6319
797	8905
397	1180
5360	635
3323	5500
7955	6568
4840	4072
3556	9968
136	7887
8935	1978
2307	4564
6038	1908
801	90
5121	5163
4207	1491
9223	1071
6003	5813
4024	4137
7783	1535
5674	4362
9447	1037
5729	1291
6854	6803
5338	5144
5845	6719
5556	5164
7511	4924
7560	8714
3555	4054
7896	853
2141	6709
7078	5666
3197	1856
2468	9733
6309	6653
6311	3397
3225	1129
7783	1424
5024	1281
2200	7670
3289	8340
8411	5974
4341	9144
9392	447
3681	1870
5557	5035
6144	7422
6373	7230
9991	1441
930	667
1381	4625
1360	3285
9345	9120
9058	2156
5934	1091
2949	2110
629	991
1079	2632
6887	3313
7372	5025
309	6632
642	7011
7301	4117
7639	888
3331	5679
4208	3102
7572	7760
2889	789
3946	1795
751	3984
255	620
8914	3993
3347	8726
1395	6145
8456	1677
3797	1084
9481	4415
217	4319
2312	2444
9522	2175
6501	7813
270	5428
6473	424
7459	4781
2480	4952
1979	5949
9831	335
2112	1330
5750	1850
6314	9536
2935	5511
2095	9334
3681	9278
3862	5099
4354	8834
575	2599
7329	459
3753	9126
3444	5580
814	3074
4325	3959
206	1129
5719	8549
5554	2986
756	6986
3860	2050
9301	230
9389	3640
5816	6646
9481	3212
9281	476
4352	6481
8916	165
44	867
8513	2114
3224	6007
6494	6238
2707	1578
2361	7200
6089	483
9925	4105
4138	9140
5232	6398
4520	7420
67	4210
5769	5115
6627	8306
8748	8887
3386	3626
9131	2227
6690	455
2434	681
6135	1470
9222	8965
9863	3609
7304	8681
7809	1298
6874	102
3241	9145
3409	8285
696	6345
1782	4579
1669	4999
7251	5696
6428	583
1451	4403
3589	9942
5409	138
2296	4898
5380	7448
3720	9244
229	2333
5007	849
5666	5057
1023	7379
949	4706
8639	5054
5868	2942
9518	3801
5157	170
5637	8113
9166	461
5879	6916
9738	7999
5948	5539
9444	2743
4973	4943
2278	3741
6496	186
3809	6159
3096	2539
9601	2033
7387	3333
9407	1487
1567	5758
8795	7202
1479	7696
5908	8069
5901	8796
5287	9408
14	4642
3502	4653
2414	8236
6766	3514
3077	7335
4374	3645
1276	2203
8294	4923
8811	7802
6413	6986
4	2453
9848	6825
4210	8806
7994	6055
9729	6075
8903	2907
6701	3948
4412	5103
4147	5494
4144	4516
2368	4236
7625	9091
7567	6446
7402	6043
7181	7564
4944	8697
3468	8278
9230	10
8961	7105
1311	2826
6417	3562
544	1650
2360	1726
9574	2741
3096	7728
4122	6470
5295	6023
4708	5036
5219	4240
7551	226
483	4168
6181	3018
9169	2579
41	7770
2049	358
3596	6611
7002	6876
2106	9714
5546	8812
9132	1685
1772	7472
327	2237
7809	518
5792	3756
4785	440
3409	4722
8713	2061
8768	2731
3312	291
6225	1467
8652	6381
8917	7083
2190	5724
9421	3270
524	5149
8374	9859
5840	5181
7777	9980
2392	7416
6054	5746
1583	3719
584	5482
3219	226
512	7150
969	8208
9092	6636
8169	6812
6789	904
6279	1545
1874	6440
5558	5364
5375	1208
6534	691
5757	4213
8479	3611
7933	188
3238	6742
5116	2810
4674	4937
5118	237
996	3804
8385	3620
5363	6875
6378	7751
5297	8273
2799	1324
6050	2834
3106	5993
4471	9048
3229	3721
9044	2853
7624	658
7717	5251
3918	8435
2768	2120
3085	7065
4496	4740
6008	604
5226	6529
1160	1134
2274	6056
8293	5449
8269	8844
8184	1887
5867	9547
7345	2617
6641	2073
8867	4415
3131	1330
7250	9822
1930	1913
9258	2886
5407	6418
8749	6535
6323	353
5614	3392
9521	6518
916	4011
196	8944
2704	2746
9951	5343
6481	7267
3757	8241
9713	8866
3940	3264
818	3510
400	1493
2614	3613
2975	8814
5594	3229
988	2697
67	3976
1072	7736
3498	1404
1879	8235
3014	6461
1058	1279
8031	8925
2372	1736
1595	4109
1650	5895
4890	141
846	799
4424	3173
1843	2554
2317	3285
6623	988
813	1306
3623	4634
4156	9422
3195	7175
4643	5443
2960	2534
4180	9024
928	1024
9500	2705
3728	6624
9063	4265
2968	963
8945	6593
6372	1418
3344	888
5006	5672
5755	1471
1720	1838
1117	1435
7144	5566
1352	4650
1240	1318
223	2233
7996	6605
5221	2392
6822	5064
1199	1458
9613	1846
2111	2697
8986	9647
5093	8353
9682	9770
9808	7820
1666	9294
8841	4608
9977	5955
3028	8647
6016	4144
5862	968
3577	5423
2178	771
5219	2577
9118	9472
1137	3071
228	6961
4288	43
1184	6549
98	5592
5061	8851
3054	3378
8355	6045
6568	1453
7550	2590
6354	8391
3316	12
8457	7898
3668	6832
3640	8553
842	8427
8812	7570
6280	5565
8892	8029
5543	1724
5746	1398
349	3748
7508	9218
4643	6870
8589	8316
7664	7256
4020	8532
3115	484
6908	628
5968	9068
5540	2999
3029	5385
7384	3121
5572	6241
532	7344
6234	9183
4145	8945
9170	1678
8907	9696
6258	4204
7516	7279
1934	2451
1105	4815
8509	1480
9948	1360
8074	9141
6398	3489
3039	347
2014	802
5997	1836
7472	8263
3893	5357
4019	5752
3920	7130
6891	1062
3500	9834
7474	2257
3706	3030
492	134
6860	9152
4930	1482
5421	2103
5652	2083
5057	3662
5782	2032
6741	745
6985	6874
3560	6940
2372	4360
9153	6034
1451	2737
8199	5559
8548	6143
6258	1657
4095	2536
5084	9752
5273	7271
5787	7484
3563	7484
6839	17
957	8933
5425	5895
7185	5219
945	1540
4621	897
7920	4987
7489	1429
5066	2704
2755	7819
1768	8925
9943	1465
7371	1191
4844	1209
1665	1894
7380	2832
6507	9412
3576	9914
9224	32
9233	5668
5252	5895
7080	368
1591	6841
7006	4819
8046	3730
5287	7403
3188	1771
9706	7955
648	9085
2033	465
5359	3006
6657	870
225	5202
5334	40
8949	2666
6903	6688
2836	8470
9709	294
5642	1211
8677	7406
6722	6307
8155	5219
6912	1080
8378	4850
7013	6497
4833	8951
2457	4098
112	8402
544	7123
377	3274
3801	8609
2482	5664
4346	459
4900	6720
389	7509
1732	6490
2028	5771
6097	1046
897	955
7675	1006
8146	5352
6152	7841
1192	7316
2644	9786
3405	5693
9471	1583
3836	7918
3187	191
6710	3301
4371	3291
2626	1407
9828	2150
6655	5016
8468	7449
9668	4419
1059	9246
6470	7788
8471	3404
4212	2827
8010	9551
7826	3926
4831	2234
7190	827
4545	2541
5636	7261
7088	2050
2627	4952
9990	5960
1592	4472
7919	3633
7213	9579
6679	7467
7024	6233
7569	8822
3227	5500
4652	6840
6504	620
3535	9675
4260	9724
8661	3008
7364	7894
4645	1581
254	9287
169	8523
5353	5083
5487	6864
3198	1004
2058	4944
1286	2309
6290	514
357	5676
6248	9330
3955	3419
8874	983
416	8553
8648	6913
3681	1890
2484	1773
792	1198
7178	9267
3223	6902
8123	1301
80	9362
7692	5014
9310	9266
2134	7931
5355	1887
6297	2745
6520	7761
162	5966
9791	7245
7616	7497
3448	7511
2275	56
8024	7842
8789	5581
4750	7632
6016	3703
829	6020
7204	3711
8083	6185
6573	9524
8732	6289
262	1844
5997	4875
3985	5275
7097	7051
2328	7252
5148	7914
154	2397
8940	1463
7831	3983
5500	1513
1936	2854
5274	3802
2126	5652
3210	8138
2083	2113
9614	5912
5413	1064
3067	1390
6605	1251
8411	5720
4096	1554
7300	6032
2591	2345
5995	2367
3719	7367
5467	7417
9882	9377
7117	3357
4014	7996
319	7859
4080	3757
4719	4559
6685	8334
5681	9586
7571	6455
9221	5427
5427	8358
7892	9084
6187	3324
1934	4843
5985	1180
5506	2092
2543	2199
6194	3161
5387	8443
9795	9515
7707	8685
59	4120
5650	4448
3999	737
4145	5975
2371	1762
3758	1305
3877	9431
4563	7748
6520	5230
6934	9356
1887	3135
2738	8923
6804	5760
3411	6652
2476	8407
9894	1923
8194	674
2524	8986
3683	4068
8412	29
4885	8004
5909	9895
6035	3106
7873	1464
5732	8202
6396	4290
5135	8711
3518	402
9888	5879
1317	7390
9942	2486
7034	6713
1938	2829
756	6368
5793	9226
8994	8199
9878	5511
3916	8969
2335	806
3138	683
1265	5607
7246	9133
125	7056
9788	3925
9834	1182
7525	3269
638	8128
6774	6394
7351	7864
6476	87
8287	905
5206	5159
9029	8680
5156	4630
4282	5195
4109	3473
3631	8356
4773	773
4374	4526
1322	8923
1532	9529
3196	5472
1576	3880
8977	8275
4344	8954
1228	6766
7734	8404
9681	9475
771	91
7484	9969
9520	1308
4740	3807
7267	8193
8451	7875
6576	7918
6361	9891
7744	6200
5996	4769
7378	2132
452	4136
7086	5888
1793	693
8695	1042
9322	5214
6028	8173
1664	606
4533	2524
5107	5269
7679	202
537	4157
6507	9964
7112	2449
8428	5478
2850	251
431	2814
5213	7841
8649	4317
1045	665
1348	941
183	2976
6997	5958
7717	987
9037	5436
7023	1307
4242	8357
2455	4757
3288	6655
4558	4859
3520	3239
2261	710
7154	6943
9451	8559
6459	12
9517	9401
677	4724
6560	3350
4251	5379
9886	6024
1367	9361
903	9895
8235	4117
4990	6591
5579	130
9674	9928
2923	5814
9594	710
48	1334
2409	7373
9365	2714
1613	1581
9751	9919
5572	7371
5359	5967
6199	4579
4801	783
1922	992
4910	9952
9512	159
6007	854
2654	5630
8726	4912
5036	460
2637	3498
1945	9224
6669	4296
2972	5323
2256	8635
5156	3481
8611	3793
5434	3881
7757	5765
6518	2114
5562	8766
6571	8800
4262	799
1537	2207
4178	9394
8280	5079
7238	9944
6208	7268
6413	1524
3590	3185
5700	7884
3941	9808
9141	4506
9182	6558
3828	953
7180	3630
8920	9390
5246	3740
5171	4225
6626	9907
4937	3000
8013	6036
7773	6904
6173	4944
3487	9021
9496	931
8300	1607
625	5029
5475	8895
5415	4716
5804	3333
8299	6453
6581	524
2928	738
6182	9021
4408	7956
2310	227
4060	1395
3816	16
7812	909
4931	3574
8669	1995
4478	8836
8116	582
9280	8403
4025	2612
9172	4955
1316	5473
931	8732
8543	3069
3184	6130
1291	8515
926	710
939	840
1568	793
6756	4895
3344	1172
3270	5867
3997	4015
4932	1759
8434	197
89	685
2182	7909
3611	3892
2107	5649
7571	2137
5528	8473
2632	2719
4905	8022
3643	9732
8242	4349
7234	3368
8783	9496
5311	6087
3737	4877
7246	9103
4881	2042
4374	2377
7207	3771
7441	5713
5707	9931
7365	2352
9940	2571
4335	4838
9452	711
6557	8479
934	4835
8100	7192
7719	2816
2594	8097
5705	2329
6872	3707
8663	2165
9739	6126
2945	2994
4478	9561
4935	5865
2013	2887
4241	1872
3865	509
7417	4759
1090	4694
7406	4756
5027	8048
8091	3290
7992	838
4397	3366
692	5202
5773	5602
6726	3625
5474	8642
7524	7483
3778	8264
5010	4321
3829	8770
9329	6916
6384	2029
6606	9062
879	2017
7143	6292
7546	3883
1073	1343
7543	9793
8451	7984
3860	489
5813	4422
8768	8753
373	9681
7746	155
1407	6269
1054	5281
1810	6089
4189	1098
9050	3803
7648	7799
8690	6958
3430	787
5133	2811
9838	1568
882	7633
5355	3438
4046	6809
2483	202
3049	7327
5213	8667
5731	789
9199	7694
9241	2430
866	6772
1357	9531
8653	7290
6444	7055
3707	142
2001	9178
8644	6040
9996	4750
8527	211
6977	2051
9270	7846
3073	961
6188	7587
5230	4004
9318	5348
6286	3131
2859	3300
8700	1610
745	5278
3558	9899
2546	8793
8768	9151
7670	8123
5801	8591
224	1489
283	5655
3794	2724
1890	5596
2312	4486
2402	6676
4001	7448
5267	7312
6361	8307
3937	8339
207	8821
1422	3505
2253	1902
3597	8643
2378	2479
3001	1922
6083	4418
9508	8757
7966	2022
2833	7338
2588	8372
3633	1996
2652	9891
6655	2601
8101	2685
8709	8760
7235	995
5572	970
7983	8406
753	7972
308	9279
6411	790
6672	1063
7803	5941
1688	3924
9354	3488
3398	3014
3179	5830
2440	9404
2030	4333
8269	8310
492	3535
3274	2914
2772	1302
6062	3702
9708	9415
5373	4269
3937	5221
437	1764
7251	2255
5922	4947
6443	153
982	574
409	6602
2264	2990
5563	9627
8606	4011
3059	5587
4176	9874
7730	4415
2311	5031
8419	4765
3786	8131
6075	2315
655	9737
2010	4833
9228	2957
1798	6244
3874	1479
4360	1753
6548	6900
4686	1064
9524	4323
5344	9147
2625	9691
583	1771
9672	7465
4086	6966
5209	7052
9493	9547
9102	2057
6365	5082
2535	7949
7247	8597
3016	1028
900	9338
2303	9664
2482	4421
5331	7944
8191	8488
5713	5914
8278	1735
91	3585
9230	9063
9657	1252
4674	3372
8713	7830
236	3076
1466	5956
1532	9928
9992	7288
9423	5368
3292	209
6647	7714
2553	343
4242	8358
371	200
5390	3050
6820	2069
2406	4296
4371	1406
2870	4986
2101	1491
7971	8569
2054	1907
2104	2503
2961	6801
7723	6490
649	5437
5644	7776
9967	5557
8175	7661
5994	9276
1785	1831
2678	1143
787	4748
8994	6502
7671	255
3175	191
3811	8474
8871	8168
1746	9234
7747	202
6850	3169
3776	74
2806	8869
6110	5453
7502	4
8834	1000
4224	4729
1106	1271
1779	6111
515	9405
2915	9012
4295	4282
1979	2981
6352	3488
821	6976
9220	9538
8065	421
5970	2101
2447	3672
5809	8982
5877	9071
8130	4492
2171	1274
5948	7614
6370	8974
9644	135
228	876
203	7089
6461	9298
8107	8779
1933	527
3425	7571
259	2559
6617	9440
888	1264
765	1057
3260	1796
7716	593
4651	8887
2117	8146
5219	8756
5079	650
2205	3246
5641	4495
1392	7910
6882	8221
8199	8398
1187	979
3436	8873
538	1208
4812	4508
2020	7731
857	5097
4697	2437
4535	3004
8988	1789
9910	5247
4839	9588
5034	8816
6369	5816
2389	1266
5529	1354
1223	2066
9312	8834
8351	4615
625	1531
4814	3164
4514	1320
7601	76
3284	3755
1776	4884
2214	8401
2236	5660
655	4603
9726	5453
2706	2299
7386	7502
9606	7729
925	3867
6715	2439
3602	2867
4315	2646
9141	3561
4191	4071
3954	2515
2255	2911
7965	481
4796	4938
1596	7933
7852	9162
8662	67
9444	3344
6836	6560
9759	390
9774	243
1483	7378
9237	5444
6549	4485
2481	375
2085	8804
1421	5480
8422	1532
9815	7506
1742	9989
2189	4735
2122	7952
1344	4744
7362	6476
403	7555
6566	4747
7077	7338
476	1286
214	3167
7279	2309
4166	2973
5004	7581
1810	1858
7296	9885
9554	3976
8056	159
7252	6109
9763	9882
9486	7345
5144	7227
1538	3380
6720	3447
7882	9583
5712	6362
2234	8753
5450	4942
5316	143
5288	2066
2708	3267
3649	4303
2688	6185
9173	3486
8808	8081
9397	1586
8610	791
1193	7847
7612	287
7954	5441
9559	4679
1778	6446
6296	1468
4999	1846
3933	5785
5825	1412
3700	7226
9079	8235
5725	4639
6656	5169
4780	9554
1649	4627
7001	1412
5837	6660
3867	3716
612	4711
7995	4123
456	3394
5428	5409
5000	788
5290	389
2730	2208
9182	6732
2642	8114
9848	7843
8948	4171
9330	3679
5589	3490
3543	8399
9598	1454
5971	3824
5104	6848
1357	9254
5117	9654
3924	523
1755	2225
842	9969
7964	5987
9972	3290
2127	2548
600	3048
9948	4197
6021	3151
679	6950
8111	5150
7243	468
1957	2208
7490	80
6078	9908
1054	2527
6863	2772
3856	694
1566	4661
1203	5232
9895	4674
5628	885
4325	3319
9040	8470
278	8839
9859	8547
831	8294
973	7890
6633	7723
8625	2929
1599	5139
9253	2988
4780	1182
6302	8444
8302	2992
9460	3248
4123	7649
9651	8422
7431	5426
8996	1381
2213	6720
7447	4336
4727	1800
6528	9551
3620	9418
8572	1951
2970	4047
6838	4869
1954	7350
686	2528
7082	3523
7309	8682
8709	4362
3257	9362
4991	6889
4663	3287
461	4832
4407	3710
7545	3004
6548	9115
9493	759
5695	2170
977	6122
2906	8962
2787	3501
7545	2586
1259	3344
5094	5766
8650	1209
1718	283
1102	3963
936	5142
2646	3685
7929	4801
3520	5437
2049	4449
1142	7602
8784	1444
8942	6946
3877	5756
8370	9006
1564	569
9573	3868
311	7151
7696	178
6573	2086
5755	6788
2652	9305
3176	5251
2749	1745
8034	985
6978	4776
8111	4526
2284	9061
7538	1047
1633	2702
9739	4918
4596	4252
3211	2284
9544	8447
1531	1329
5985	4371
8560	9275
9115	5072
4273	9970
3117	9966
7311	1980
2055	6187
8101	3033
5830	2833
2484	444
2696	1490
722	1727
563	4391
3006	6230
6367	8867
9897	863
746	4429
6233	8344
5099	6291
2653	8584
8356	4923
5990	7703
6396	5101
7614	7447
2324	9200
6346	8232
6053	2750
7117	2360
7926	8251
9858	7183
3381	5876
1421	1057
4342	9798
3122	6333
7069	6123
8333	8892
7990	6270
2289	8907
6831	477
1184	910
9353	1019
9382	1474
4533	858
994	8792
1183	3856
272	4304
6150	3459
58	2988
976	609
6819	7941
5746	3239
4369	7427
2451	3679
3205	8878
8785	2086
9354	9325
4196	7646
311	1899
8054	5854
7367	3079
3131	179
2665	7782
5633	6301
2091	9286
9076	110
4429	652
2904	1475
8130	550
6803	1917
243	7785
718	3149
8316	7287
662	2965
5326	539
6849	6242
9957	4554
5503	6356
7974	766
7681	677
2725	2629
3346	7749
4124	8649
9733	8098
6058	4980
8215	8861
5728	1870
5796	5643
4240	7815
1481	1343
9019	7621
8780	4626
7464	4868
9374	2942
8925	9344
1762	3902
4242	9361
6325	825
9075	2793
2546	5882
337	4269
385	2923
3819	258
7561	6144
1864	1436
1962	8639
7353	2572
8101	1689
6993	2651
4076	592
150	1947
5294	8495
6106	9181
2694	6996
2158	64
8687	1778
4136	3774
6197	6084
9817	5484
4054	8744
3517	2536
2964	9839
3987	9612
3224	1251
9479	160
8825	1471
6482	8454
8975	6327
5326	2539
7136	7305
3016	5504
534	6965
618	6915
4849	7988
4986	6803
5191	8922
4969	162
4745	4610
4431	6178
7211	6085
4758	1273
6585	5853
7325	7059
9848	4367
641	9074
7444	9956
9949	4436
4264	5816
1556	5329
7389	4142
3103	4065
9125	371
5627	1608
1868	8121
3913	5636
5415	2424
9979	9909
9397	30
5542	9641
9048	5827
6908	6608
4409	4970
8342	5188
6786	4119
6143	2081
7734	5969
8559	2094
1301	4817
7736	1086
5993	5036
2798	6060
4386	9385
8923	9631
7068	8797
6934	3974
4673	2654
2043	8512
7846	9384
78	8666
561	4206
8899	563
3960	1561
3505	520
2423	7728
9855	2992
3420	8995
2063	1506
9476	544
728	4584
1451	7877
2678	9260
7542	9720
3471	9244
9671	3054
4763	784
4123	1180
2715	7635
633	617
9141	6854
3745	101
8466	1449
7096	4813
5413	3461
7864	6456
4304	1749
1887	3103
3309	5809
9330	7154
3577	8867
7866	621
2305	8432
1667	3872
3620	6711
5773	567
2634	1130
2442	5199
571	5802
447	2712
9412	3743
918	6588
7587	6779
3962	4765
3668	7834
460	3697
1577	4468
4091	6742
2678	874
3104	5602
1752	5178
6081	6104
5432	8400
9345	5891
1169	7976
5761	2321
4081	3567
8974	8511
5585	4814
4032	7364
2133	6419
7056	4079
743	6460
5707	3695
3129	8415
7801	4271
31	4060
531	1133
3584	7487
2759	6665
857	6648
7440	6890
1890	9303
748	3180
4732	3457
7257	7944
8588	2401
7637	8606
4897	2174
3718	9323
5677	9926
8623	7707
2190	5592
4301	3674
197	9109
3414	8664
5387	1695
1532	6107
5296	586
4778	945
8977	3468
4971	309
3032	543
9698	6799
8720	1986
2400	8202
5917	1783
1090	4901
9990	1453
3426	1298
9284	6244
7859	318
7687	5341
1953	8178
1112	2676
8187	6179
8452	3623
6507	5404
4872	8645
324	4751
7186	2314
2653	1754
710	2831
6051	781
7746	8636
9347	9688
3897	1333
3014	5079
5559	7496
4998	4402
9914	5339
375	2600
5313	1724
3347	1192
2407	4947
3904	3166
9856	960
1900	7094
6398	4873
9024	670
2469	726
1408	3064
4014	3573
8594	2070
3601	4352
1979	4644
8938	1177
4055	5025
4728	6430
1748	3331
4464	8956
1266	2542
1187	5575
9557	7543
7488	9959
2975	9286
3540	2342
2246	1441
5508	4364
3977	1880
2879	1975
3974	5832
8579	7294
4526	8287
1913	3310
987	1323
5664	3024
526	2637
8879	1598
7177	4100
4383	6772
8598	5224
6434	3712
8746	6394
5932	6545
9396	5772
2825	9449
8432	698
7556	1040
9110	4336
5602	2437
9798	7772
8913	7279
4763	4634
2603	7634
3765	1034
8896	1021
1581	1266
3979	9709
9670	2396
4579	6147
7481	7907
5209	3838
3952	6089
6682	3937
2438	4312
4929	1973
5533	2333
7706	3583
3750	2851
1748	7292
3486	850
7973	3771
2069	1902
3626	1882
7041	3696
950	8475
5768	8354
5825	817
4452	6149
2890	6490
1629	3503
1647	9037
1079	7271
8275	2206
2022	3952
7374	7756
7571	8985
4240	5402
2432	9107
2975	605
7929	3399
392	9798
4175	3526
4325	1386
8122	9742
6138	8507
3680	2688
2087	278
7131	6769
2855	8244
6426	9381
8622	1193
2920	7729
2075	4480
6255	5409
6628	886
7877	4892
5748	3319
6762	4460
5914	4662
2552	7911
8941	607
7675	9014
9540	4851
5447	9016
6640	5226
6270	3591
5754	6103
699	1109
418	2897
6898	8571
2416	2409
2876	4242
2466	3263
7625	5994
8678	9860
9798	1306
1545	4168
679	7206
7920	4969
1603	208
971	560
2406	6597
553	818
6082	816
5222	6618
4384	1981
6378	5506
1355	442
3384	4723
8486	2057
579	8549
924	4904
8773	9804
8921	1366
6052	2987
8574	583
7012	9793
9908	7308
360	4136
7114	5806
368	9527
6973	5955
7620	7439
9461	5773
3226	4582
372	5207
298	451
7396	1322
458	2172
1229	3932
1691	6105
4250	7561
505	8981
7382	6985
8952	8711
4477	5860
2631	8914
6107	9248
9614	611
6874	2299
8118	1907
8066	4834
194	7838
2398	730
734	9539
6913	9363
4254	8079
6427	564
5155	2543
7332	3924
566	3489
7860	9891
7857	9223
1745	2802
9823	8910
2670	2588
2869	2177
9880	2069
4826	5075
4505	6050
231	8932
6423	7301
8105	7931
634	4661
9657	9374
2547	2179
6464	1051
5859	2932
9097	7511
2984	8916
8199	387
8869	869
9121	7856
6995	6961
6280	6580
4297	6854
1046	7388
2037	5837
4249	8264
2604	845
9010	1891
4308	2818
951	6372
5371	4427
2018	6635
1469	2477
7919	3962
1484	2704
4764	9422
3785	7060
46	9772
2386	1650
6747	8923
6292	6560
1794	3074
2230	7148
6443	4126
6006	9421
7355	9693
8745	5507
9370	2761
3610	2085
2399	136
7807	8738
9066	2245
8637	7856
4345	6420
9652	2408
6795	5391
9468	8572
7249	7673
8962	7993
8755	502
716	1134
3137	3570
3099	2769
9408	9705
5477	5953
3260	2683
1541	785
3007	263
4899	5441
3380	480
6857	3673
4350	1943
9119	1507
4364	4372
1618	5418
1002	2826
9514	5836
1045	6679
1131	4758
1097	2454
4207	3252
4351	8349
4959	9256
9248	5275
4507	8758
1468	3251
579	1845
6682	858
7545	6748
9052	7121
244	7121
6040	8747
7878	6215
7940	5164
7088	4664
5927	1179
7990	2339
6546	8711
6150	9448
3082	5516
1458	7095
4503	951
5170	8957
9921	4484
7842	3357
8972	9882
3309	1062
1891	8975
8600	1714
8212	5204
8694	4393
9569	1119
5832	5371
6578	3046
4131	33
9970	8041
8345	56
7266	6756
2797	9604
8259	1083
5283	3110
8548	9107
7280	1145
7375	7773
6790	6470
7971	8606
2106	4453
871	5067
8722	5823
3434	7984
1249	8780
2365	5150
1104	7990
1840	6114
9348	9892
3966	1100
4429	6491
9484	221
5126	6185
8189	3856
3517	9501
6605	6326
5763	1627
2339	9755
2894	5731
6769	6599
5080	4345
3948	2413
9332	2088
6065	3912
4843	3225
3840	7481
9111	5789
6040	6714
1764	5020
541	2088
4895	5785
9414	1259
1085	3714
6349	2055
5643	6515
437	7817
1114	8567
7149	2122
7320	1776
1679	4180
5970	3432
8718	6665
2143	4731
8912	4371
9809	1921
22	5143
78	9136
7371	6311
227	2430
890	7530
8463	4299
411	1033
4972	8529
3620	650
3303	4803
8896	2076
7527	3395
8675	1942
6722	928
3068	1691
9328	9361
6436	5818
2127	693
412	696
6130	500
4557	4438
7195	597
1590	3504
8536	9968
5949	8357
8873	7810
2857	7570
4103	3030
8142	4174
9619	6938
2942	9471
8605	2984
5389	876
4830	7468
6116	5550
6898	7789
4901	8504
3548	4775
9243	7416
6335	9756
6167	3717
379	1711
8067	1172
8082	1380
778	4466
2454	2458
3256	2574
1146	5413
4917	4881
7677	3235
8078	4959
186	3742
1099	917
7033	1775
4223	4525
581	7087
4036	2107
1440	1044
5007	7054
9353	6355
846	6347
5589	7620
5007	332
5167	1081
3616	993
8270	4770
135	6399
7399	8852
2684	9744
2872	7372
4630	251
1096	7836
3438	8257
1814	1213
5791	6968
8425	9058
9008	4552
7746	9635
4908	8568
8657	8404
5716	9977
7906	4030
6031	935
8486	9499
7634	5506
5114	35
655	4861
589	9781
2439	6526
8954	8757
7913	4660
986	6269
3172	566
5524	6392
3912	2634
5973	5702
4916	1436
7961	6727
5100	9816
424	3947
5779	2997
6542	6141
2633	9413
5577	7343
5528	3478
7230	3181
1761	3412
9431	5940
6418	7686
2437	33
1454	9408
4949	9227
6581	2501
648	3115
1957	325
8435	3755
3958	1128
3739	5144
7214	6190
5728	4783
7804	6084
4162	5990
7413	4770
8365	6011
1416	3905
1777	185
197	8506
5430	3959
6823	4779
3221	1179
9574	2838
3043	2750
169	9917
8841	3537
8391	3579
5632	3737
8472	3310
495	32
523	1710
8976	940
1194	5699
2420	9685
2807	8072
3445	7245
9707	4517
1772	8732
1027	5659
1162	5617
1701	3099
7426	93
1502	1087
9783	8470
1353	1497
9143	2147
4869	8401
4426	8727
4124	42
4621	8363
543	2242
953	322
303	8216
2220	4954
3410	7274
3154	550
1132	9443
7412	7397
5932	4345
4987	2337
7892	3989
9345	8077
7827	1097
5204	9141
9205	7551
6413	8350
9033	9334
553	9086
4271	8705
9557	9623
9014	2691
7585	4984
4811	8586
409	7925
6496	6586
2355	2721
4687	2760
3363	9074
5476	607
9653	5889
4112	2894
882	8040
1698	8480
1487	3978
9981	5316
4699	8524
9436	7411
4431	9650
6665	3329
5806	1837
766	269
4982	7174
8405	2320
1057	522
5171	6132
7012	8823
6581	511
3961	4578
2359	6980
6567	4048
6647	7477
6509	4577
7644	899
7799	4510
9376	7231
7563	9236
64	7957
9586	1214
3973	7033
973	3124
4433	7168
482	9351
5723	545
6172	4730
5148	1748
1317	9034
4146	745
1015	2493
8610	1877
682	4286
4140	366
9514	4877
3632	9165
9780	804
2184	4285
9325	9110
7111	7285
9694	2835
7499	4185
4237	9801
587	8282
6792	8020
2856	2724
1062	122
4415	1379
6990	40
543	6630
3653	981
500	6119
2566	3391
9571	9447
9108	3559
3135	6206
65	7234
5773	6386
5989	6929
4781	4554
902	900
5726	8041
1882	7324
4960	774
3106	4158
1163	8081
356	5157
963	6586
229	6160
5464	425
3860	2017
8112	3318
8161	6832
9431	7426
2487	9355
1441	6953
1174	4032
443	5485
474	267
5376	5469
512	3204
6246	8796
7255	7469
260	8114
4150	4961
8702	8846
4098	325
7218	3256
9292	4743
8367	9627
1880	6217
3760	5238
5227	7984
6510	8498
9490	6562
4766	8418
4031	6148
1105	9439
1108	2347
3011	7087
7490	7367
4715	8592
611	2918
1250	5378
8691	3151
9778	7074
9973	6150
8786	8504
1029	6872
690	1066
6911	8365
3844	9064
476	4587
4309	9878
8528	6671
6702	3254
1001	7533
5877	1028
2198	2984
3380	2178
4959	9338
1626	7261
5372	5097
443	2370
6596	982
6587	7942
616	6749
1959	2993
7105	2803
6149	9067
7236	9617
4423	2373
1474	3300
8141	1197
1079	3995
9895	7000
7971	7182
1156	2280
3026	6605
4424	5574
507	5371
2577	8290
243	6568
6336	9074
3987	7514
830	5334
9065	9836
3007	5496
5063	5728
3666	9143
3004	1219
7870	2979
3435	4375
9575	2289
7237	5861
4499	2392
6608	3955
703	3473
2426	8744
5272	4846
5137	6302
6884	3749
6505	8544
5250	2350
3800	8600
6343	8109
2856	7559
3901	4970
8490	7417
2865	9894
2649	8070
2736	5411
4959	9009
9199	9578
7486	4373
7175	3717
3223	1767
6056	1315
8971	1798
3756	5272
160	2663
2057	8435
7607	8774
3408	8619
1156	3493
4736	1325
3110	3482
2281	7102
4468	4388
7407	7080
3686	9071
8056	3315
1025	5225
1304	8411
7156	6801
9219	3732
6380	2215
5293	2771
6631	2973
2400	9591
9952	6525
3580	9130
538	3458
5481	3159
2494	4727
8008	9896
3902	3362
3908	7835
8949	3788
1602	7589
4307	4298
790	289
4922	8557
6688	9294
8065	3242
6626	8494
602	7399
6284	9631
9124	6109
4219	9608
9810	8734
7529	4616
9992	6824
1095	549
4082	3
3190	726
2011	8635
6937	9218
3948	8803
4408	682
5806	4382
1960	4396
1569	8085
4174	67
6165	7684
788	2670
3706	2772
7634	9722
5979	6366
9583	3176
8217	4009
6684	2994
1866	8444
115	3050
1339	8449
5938	6241
3368	8516
5667	4363
204	9407
7117	7779
7365	2296
9583	8923
2342	8468
8195	8172
4790	6176
5085	6104
681	5210
2700	9057
9783	3645
346	1082
7177	3980
4929	8653
1021	6110
6032	9727
2077	6031
9101	5623
1976	3616
5931	4596
9245	6722
8841	60
7259	6941
2958	2180
6169	2558
2072	3585
5901	7043
840	5342
1971	2591
4988	9082
3712	1912
8371	3170
1777	6649
5445	1725
1373	5888
6372	3364
2797	8961
8669	2615
5800	3408
9518	5487
492	1037
8028	3860
1508	9317
1481	547
1801	5521
2100	1898
3927	2386
1818	9026
3153	2978
3706	1836
1884	5363
6153	8326
6386	4960
4583	6788
4963	631
4330	156
6568	7976
1410	813
8664	8955
3954	2532
4254	4133
4533	9249
2065	6189
9115	1321
4301	531
8850	398
1321	3060
8086	8324
8484	7094
6543	272
6402	1552
6062	8664
9842	6183
9328	6340
4181	6218
6347	4436
9780	7749
3450	2003
2834	4016
3306	479
8292	9666
6322	2056
7750	425
5426	1803
6935	2956
2107	912
1133	5519
9281	555
8571	4089
4572	6089
8021	8962
2463	5832
1966	7873
2402	5635
3746	1502
1179	6452
6745	4855
7993	7294
907	3030
8352	6055
2717	7655
4145	2413
7061	9093
8586	4864
8436	6703
8822	1218
5118	9916
745	7552
9213	8290
1981	1686
3701	5060
6525	113
612	5689
4201	7753
7633	3016
1401	4596
2906	9968
4021	7517
8978	8148
6754	2777
4558	9566
2051	1653
3409	2115
9864	2902
5478	2415
1101	5745
1768	2732
9219	9053
7296	3668
4677	7690
3917	8578
5105	4416
8542	145
1109	8509
5031	2286
6204	1868
4990	7597
639	8182
9818	956
6316	2440
5015	6934
2142	2984
7834	4024
2039	4246
1986	1679
1814	1166
8783	4223
6228	2384
1687	6924
2130	2987
6966	8034
8059	2299
4701	2632
5887	1614
1971	253
9609	3112
9061	529
2530	9480
3060	8758
9093	6152
9079	6033
7179	3618
1158	1977
298	9613
6205	6308
8541	3915
3434	3258
6192	8882
1763	897
608	1698
3329	5117
5461	7093
5676	8613
3014	8886
5302	1935
5462	8597
8209	2071
4854	5571
7560	7291
9267	5197
7476	4633
9977	5697
5019	7386
3369	1709
484	4831
3039	2959
6077	5139
5425	7704
6745	6532
1552	7433
1420	8078
2571	9099
8725	8019
4764	4629
1592	7802
7958	339
9619	2378
6733	694
9398	81
2908	5115
3455	4141
2667	3862
9183	3052
7188	8632
6880	842
7282	7697
7683	9936
9834	5394
5581	3208
6826	2593
6309	7558
68	8225
1332	6186
9828	2675
1100	12
2797	5951
2738	5978
6673	6106
634	2980
7086	9545
4187	8374
4335	4590
7513	4444
8304	1943
2339	1811
3647	5828
5942	5064
3156	2536
8512	6998
6332	2935
2558	2749
6229	3564
4036	9409
4388	699
9757	6831
248	8243
8787	8628
4092	9466
7600	6640
3914	9343
6652	6258
5606	4161
1518	5135
4633	8547
1029	88
5380	7990
367	1957
2146	3764
6898	2360
119	6159
1771	6713
9939	9269
377	6813
1075	8634
7751	7335
5987	6044
4259	6863
1898	5653
481	6480
4722	4355
117	562
3732	8779
3168	8184
8692	6845
8685	4854
3976	7195
6327	7972
4531	4302
4633	4014
7134	8152
6601	4131
9885	3984
839	5247
264	3256
8148	7496
3369	8608
440	3616
4662	6632
1644	5627
3973	5517
6075	3367
5560	5774
7157	8478
6893	1020
3268	1457
1443	226
8495	4361
9333	5041
9421	6739
2802	8707
8855	2758
4618	3560
4703	5929
1528	402
7262	5403
5324	1002
2280	2527
7624	5813
1184	53
9633	1066
7628	9442
6350	3274
1393	5088
863	2298
3590	5108
5488	2180
9999	6081
2160	4157
6636	8277
9328	3425
2305	6605
6002	835
942	4840
5306	5961
1101	9450
8948	2740
2951	9372
1804	2964
7727	4503
808	7708
800	8630
8793	1108
4152	8071
7266	3116
1103	6200
2286	8588
4399	6768
1790	7036
7872	3304
6624	1460
2133	3436
9345	1634
7127	3569
3936	1408
7000	9225
5179	6441
3352	9666
4546	6838
5757	6104
2186	7648
1805	3181
387	6755
4772	4917
4388	2729
3902	8345
7204	2313
827	6263
6586	4462
9944	5730
1433	8086
5564	8453
8155	6018
1552	9391
9210	6988
8566	9244
4322	1377
1677	1270
200	3642
761	8615
1013	9710
3938	7505
6731	8933
7932	7070
6865	5941
7797	6049
8301	1308
4773	6045
4579	1370
9068	7226
5472	6389
3170	4328
7160	3778
9067	3749
6375	3550
6428	5857
7596	7331
5404	8278
3472	396
3296	8044
218	9351
855	4365
9820	9057
1476	9362
8735	1400
8324	7627
8782	5115
9082	1918
1072	459
7450	5844
6304	6806
1736	477
8512	4960
6535	9082
8859	3901
3680	766
8506	7546
5044	1849
568	413
4699	7094
4851	3171
4079	231
5884	2876
8215	6796
3517	9020
1193	7053
2217	2119
8893	2465
9170	1217
4160	7978
9066	6855
1165	8470
8573	6740
7115	8189
3189	9259
2242	5229
8384	2565
2561	7253
8969	4276
2206	6650
9600	344
197	6874
7269	2164
1989	7245
1523	7807
2944	4535
6463	3747
4357	716
8359	8969
95	5274
9755	9243
9045	3476
1741	487
1575	7970
6126	9414
3796	5274
1524	8720
4961	5680
5015	2768
4795	6525
6470	2447
8232	1817
2744	3085
4612	8886
3411	5944
7646	1196
1652	3278
8125	4807
7476	9384
5808	3624
3426	5160
20	5188
5678	215
7370	5725
9435	4219
9605	908
4736	4543
4501	8590
9289	6216
6823	5981
8386	8956
6481	4818
9165	6410
111	5390
8226	6494
1561	645
7640	2163
5038	7673
3164	2742
7707	6550
3099	9770
7590	3111
71	7319
6556	9703
7883	1784
3581	1791
8830	5014
2484	5775
5384	208
6663	8561
7629	6615
967	1523
3577	5408
4546	4778
3121	5163
5544	7636
9128	7386
6709	1988
421	9028
8543	501
3558	1576
5452	3475
9051	5478
1884	5308
4214	6537
6197	5830
3347	5660
1857	3222
3059	2558
8674	4575
8882	6437
5621	1675
1686	5473
5301	8764
9359	9409
1668	6771
6041	1776
2791	8572
4603	301
638	8114
2950	363
5779	5259
8699	3132
5003	1106
7785	1489
5643	4839
689	7996
7657	5311
2909	9901
8066	1462
6915	9313
2900	3203
7945	9222
8852	6971
4180	8593
3986	1681
1411	7191
2317	7178
3837	1622
4299	6674
9935	2728
9198	7632
5469	2818
6754	5145
8698	1290
2443	8095
4775	7976
884	4338
995	7146
3166	7539
5838	9478
1818	7015
9187	2067
9206	1687
225	8590
2187	2708
4444	7300
4501	7141
573	6068
7174	8632
2169	905
8881	2191
2647	6573
2343	1817
5029	8241
9282	6147
8350	8948
4661	4937
2742	1188
2196	5265
9288	9369
4786	7232
5338	7559
3411	4032
3727	4843
9210	9416
3808	9132
2947	7060
2728	419
9513	1185
5135	2361
1710	5013
4591	6373
1489	1132
6467	1574
5503	2463
6059	9770
436	3195
2078	9725
3924	3457
2657	903
5659	343
3811	1159
577	7552
4668	3146
2688	1062
1105	5772
4188	3684
7912	7303
7965	9222
9830	7933
7443	4846
3047	4609
6562	2265
4430	3257
2384	8450
8515	8290
2209	7940
9336	6370
1224	544
3240	8202
3606	1923
4251	2951
4116	1259
1119	6926
8840	7357
2692	2636
446	2297
5937	3556
6323	9488
4882	5978
618	556
5656	7032
8903	1325
2264	3014
9854	5850
7207	7793
9751	8997
9771	3723
287	1484
841	8536
8886	2317
3603	3718
3437	5446
9383	9250
8398	3758
9522	1725
9580	9650
3693	3167
2263	3298
6464	5216
2	8650
9821	5491
9027	9484
6520	5599
1179	4166
9129	2404
9354	5545
8610	7884
3559	2677
9756	1459
952	8219
5018	4084
5661	4649
753	5813
4273	239
9090	4402
1081	1086
8792	5493
6413	5891
9434	7333
9221	4781
7079	6124
1668	1200
1920	9853
5706	9525
7046	6323
5843	7070
3553	9335
5179	4631
1119	4586
3640	5972
1264	2798
3925	5452
9099	3049
8859	2094
8712	9715
2195	3739
1740	6761
548	6263
1858	8215
3502	249
8001	5529
4250	7593
8825	2367
6806	103
9745	6786
9395	2954
2866	1816
4625	2088
4921	3552
9927	4116
797	2054
2272	7818
3851	1742
6806	629
1999	8798
2774	7104
9629	1818
598	6882
1896	3811
7242	2417
4913	3443
518	9613
9144	1853
9359	6928
1309	6655
1120	4133
9872	7019
2784	7398
6172	5134
3107	2389
3848	1674
315	8575
5402	6884
2718	3735
909	931
5121	6472
3839	9437
5098	9510
7274	4382
1395	3051
159	5993
8404	405
4778	3423
6103	9278
3413	3572
2883	1602
5969	4758
6868	5169
4743	4072
2454	7614
8771	2194
9027	2110
1045	7831
3849	8501
1505	9211
4538	7042
1849	7338
4689	9607
1472	973
8388	2207
3408	5135
6410	5737
2991	6672
3583	7507
4214	5776
5078	4995
4716	2513
9399	5188
6553	5820
5133	2545
8062	8723
6377	2993
674	2134
4449	2563
1860	5382
5971	6423
6574	3095
5413	321
8469	2653
1425	3738
3794	6833
2718	409
7851	2427
7461	186
6268	2186
5005	2667
4598	6078
554	4967
238	1023
1188	4171
71	4899
8355	2854
9259	7519
5660	6661
754	3977
4011	969
9891	6173
3479	6705
4285	6724
6679	5213
8619	5290
5040	9009
1343	3588
5338	3277
6999	7535
7789	1548
9198	763
9381	6374
4707	9717
494	8962
244	2323
5416	1210
6968	4212
5043	2606
6102	6590
3138	1788
9937	6688
5591	3951
6159	5330
6967	1191
2049	3038
6697	9526
6077	19
6723	4346
935	8542
7742	834
7459	569
8003	3307
6214	3342
4138	2388
2151	673
6240	9056
9925	5465
1878	8364
4479	6222
4633	3190
4121	5160
7644	5228
646	5855
3783	5428
6734	6774
8688	6803
7074	6797
5443	9026
6574	496
3002	7066
8705	2800
1741	6621
3874	1145
1696	8130
5560	8835
4673	5129
7800	4606
8444	5482
8539	389
3934	5791
405	6805
1971	2788
327	6525
9282	8713
4754	7095
5875	9716
7194	326
8804	1365
7875	3983
1754	4890
2437	7182
3666	7599
6121	3492
5696	3564
4478	3803
3153	6672
1751	3628
7376	4787
4043	3929
9392	7633
7522	1343
4523	8805
476	112
8759	7793
6986	6130
7852	2303
6820	7137
101	8291
3186	775
6408	4525
7635	5521
9629	9522
4732	6480
9539	2890
8640	2187
8124	7166
8945	8610
5316	1924
545	7280
8053	7083
1396	9276
5356	9658
6838	9290
9188	447
5596	8185
1373	3014
3956	6321
4731	5823
3987	1488
111	7997
1219	8091
3564	8644
5778	7874
2182	9269
2667	1225
3463	8962
8570	9734
1529	1098
5463	9871
3794	7702
2918	244
9018	9633
1068	2862
3429	3571
3170	2580
9883	720
5925	8122
2547	504
480	5900
9985	7972
8588	7085
5393	6697
8398	1139
5552	9874
2505	8065
5670	7205
6897	8759
4469	5776
637	9507
1598	5587
5904	6101
5985	5122
5893	5624
3824	961
2912	6669
1838	7819
454	5364
3334	9692
5230	2085
6362	8043
5269	7221
1907	7754
5537	9969
1454	1108
5511	3174
650	313
3844	2796
5593	5877
782	7958
3772	5578
1263	3567
6627	4040
2535	9100
7747	5418
7954	47
8114	1020
5654	931
1852	9059
7056	6699
9311	6057
4373	8848
406	9686
4102	1063
9685	9652
9416	9070
7780	6526
2348	17
7227	1736
2388	6286
7278	5658
7513	8823
9315	2121
6541	7979
2739	8939
3574	583
1375	5352
6954	4946
5115	1590
465	8233
2895	7169
3347	9178
6736	9437
2518	1063
1177	7898
9860	996
9633	1896
5463	968
7244	9157
2713	6555
444	1231
2220	4741
6088	5862
7603	9551
3256	8566
4274	3732
1772	5171
8989	335
8384	1681
9247	1728
6673	8023
9180	2405
9252	1065
3519	2875
8458	7410
7277	1876
7768	8974
4470	4192
2984	9904
2595	5410
9870	5354
9850	2497
278	6222
2790	7568
6445	2534
7457	2075
4963	8299
3233	1543
71	2890
4592	565
3801	4814
3856	5170
8862	7478
5494	8818
9058	4006
5746	5734
6342	9166
4778	7154
7183	8912
2207	1339
7937	5032
1668	950
805	1675
4207	6091
2105	2547
6538	9416
1203	2969
4582	4355
2701	8
3331	3759
1404	200
9680	5187
4472	7976
756	1375
9153	3434
417	2613
6836	3713
6220	795
1907	1436
3168	7622
2436	7459
5274	9714
4423	2942
4588	4906
6134	717
5054	6695
297	8863
8331	1901
1011	6009
3900	5289
9647	2185
6034	1127
9560	8089
3398	7686
6388	7839
6329	8846
272	4945
2053	9663
8331	3215
7669	8225
5908	827
7786	3041
4730	5371
7233	4299
2018	804
5763	1300
4272	9765
3865	5630
4957	2652
8852	7313
2994	5009
7239	2835
4151	1675
8548	1675
371	4026
9161	7660
9170	3902
3377	7235
7820	2549
7480	2725
1164	7046
7948	3738
7147	8296
7047	6514
1978	4301
2553	8407
7989	2348
3605	6099
6411	4894
965	7706
1937	1732
1823	4349
3741	9290
7962	2959
9005	9593
486	4653
9916	2584
4357	7865
1740	3979
3888	410
9652	6650
5564	4389
6045	1342
5025	6132
3187	1301
9838	3727
7657	8349
1518	7789
9251	9944
7108	5213
1743	7913
3934	8577
6032	8666
9582	6545
4127	7186
7396	8133
9809	9992
6496	6670
3656	429
2851	740
6557	3127
9643	2507
7441	9529
9103	6815
4600	9472
5909	9012
1741	4534
3459	8061
4736	5537
8806	1135
8890	3803
9097	6015
3219	6199
4095	149
7518	6942
1325	4056
5799	2773
8894	5241
1429	2432
8031	9932
9548	5988
2368	8331
1407	9252
1298	6634
5316	7755
3083	5236
1484	2153
4256	252
5374	8168
3198	8187
828	9358
6550	5995
8956	8919
744	1097
8950	5592
330	4595
9362	8305
5374	946
9761	5854
8765	1145
5115	3197
4195	6544
6764	29
9179	776
9754	5009
1401	9701
9993	2888
9829	2627
1834	2868
5061	295
3521	7665
2124	8222
1725	4780
8675	6666
8751	396
7787	5352
419	3073
6799	9558
2115	9833
8562	6125
719	8869
5887	9232
4971	5972
1370	2958
8182	912
1420	3560
4551	6707
2908	5510
3611	4750
4903	966
6478	741
6437	7287
2050	6660
734	4298
2323	8992
1473	5604
1438	2426
7370	8065
5146	1272
6148	8537
6707	2987
3957	2700
9199	9562
3690	5025
8458	9046
6348	1333
107	243
6607	8516
2877	2417
9519	3877
3687	5953
433	2255
1654	368
1249	3993
613	7139
8124	9178
5916	7850
8662	2337
2259	9467
6339	8142
8969	4667
4441	8637
3369	9738
8173	5453
8116	8729
1895	762
4456	5938
603	2699
2006	6879
9084	4969
4158	9160
5494	9443
5710	7637
2278	4697
3053	2841
2165	7455
1408	3104
2021	6394
2645	8828
8881	2073
1766	8871
5497	9173
2272	2678
5759	6778
5885	5614
1368	3294
4152	8109
6253	1688
5575	3322
7993	8357
3199	9244
3889	1873
3221	976
8353	4999
6423	2705
763	6874
5346	7692
9052	6266
3194	6814
3514	1759
5761	2577
404	7485
4236	2722
5915	2332
7994	4323
5201	3299
5840	1183
7633	7130
3432	8930
4373	407
9085	3539
6935	4751
709	3378
2423	3251
1799	899
7037	1725
7493	6059
4546	6791
8963	7955
6702	9331
1253	3
6627	6456
8342	9058
111	8763
8925	3285
2559	3156
250	8723
7688	68
9937	8089
2990	3640
7817	5456
6438	1394
9914	2672
3550	9467
7385	6315
5394	2107
2640	4703
8497	6391
697	7722
3748	9789
8477	1368
7675	4294
7433	2787
8532	6231
2915	2126
9996	2900
8958	2733
9704	7401
9099	2740
2086	474
7807	7425
489	5517
5614	2141
5527	3076
2823	8291
2349	5308
6880	5745
7832	3159
8622	8840
6472	5595
6110	7582
431	7597
4725	1815
6228	5452
7960	7963
6273	478
9330	7096
354	1319
7338	4183
889	6642
7114	8652
7364	5860
3699	4193
6106	2076
6611	1869
6293	4318
9948	1646
4529	8134
1063	7270
6963	7081
6892	3775
1666	40
6481	4042
556	9080
2868	6055
8466	6289
4930	5797
5481	2468
7015	2367
234	3725
9370	3427
9554	6403
829	8828
8169	7124
8510	7013
4901	9117
2625	1630
1326	4333
9075	1972
1311	156
4607	5298
6078	3521
1827	6195
7898	8623
4509	7170
2882	5776
1772	4204
8225	7536
434	8974
8436	4747
1597	6226
3538	1036
2430	2554
1055	1159
4277	599
8042	7800
4615	3532
5082	7878
1026	7702
1551	6511
8488	6365
7196	5828
3492	9889
1091	1913
1257	193
7422	9781
2839	6495
624	7992
5035	2879
5495	5445
1744	6047
2568	696
2618	5205
4434	3470
9614	9774
2416	3186
3313	6602
8125	4678
8621	7062
6887	1843
5180	377
2378	397
1948	9051
5299	3551
3942	6195
9041	6935
6191	3958
9243	2929
878	5212
1337	9563
3440	8533
2048	3514
2881	8505
8603	3143
1306	2149
9444	7863
6309	7945
3657	9470
9824	6469
6555	7469
2057	3799
3305	6829
434	6768
3929	174
2075	124
3687	1679
575	241
7432	2796
1921	4671
949	1125
1615	55
5449	8140
9045	3387
5824	6077
1236	1987
9898	6792
6742	1059
3094	9819
3664	8503
2864	9210
5094	7945
6610	3702
1018	1140
1721	8595
5349	3748
9371	7601
5002	8257
8059	7476
2003	5605
1248	1142
2530	8506
3161	1409
3817	2918
7455	5498
5984	334
3628	8657
1727	1337
6775	7760
3826	6274
2700	5843
9334	5467
1034	3661
124	200
2291	780
8145	7412
7696	8336
6519	9316
2365	585
3120	1780
8518	562
2244	1128
4123	3997
5570	5136
5791	3832
9535	4248
5883	5027
6915	9078
8305	290
7362	5559
2167	140
4012	6977
2259	4819
1234	1822
4299	1861
4722	6697
3644	7827
2423	9471
1324	3859
2046	4156
1465	5458
5602	5945
5271	9673
376	3511
7643	7122
3313	3442
5384	9668
1003	829
7879	6860
7488	769
9520	6520
891	6231
5202	854
8129	3778
5965	92
1922	2776
1705	7571
8296	6813
9850	8505
2841	4
4882	5050
3243	722
732	1733
2127	5212
2668	6782
6882	7778
6546	1218
5815	3308
2993	725
3379	1323
5940	9274
1671	3131
9382	2868
6527	3437
7184	9039
2932	1434
6334	3077
4156	1985
4644	6688
4892	9523
8733	9765
5433	5025
4806	8291
9991	1612
492	4723
251	7580
8583	9295
6976	5011
5486	6905
4322	3756
1075	3181
4245	8803
3426	1583
3115	7107
3318	9000
4243	7774
7310	9830
2310	2262
7122	6766
8711	4865
1635	8440
6388	9969
9088	88
6743	3437
808	22
5686	1106
7147	4446
4809	5231
2503	7809
6134	9079
1051	8559
5563	311
8694	7676
6202	6883
883	4698
1269	2701
3719	1932
277	7774
2092	8447
1150	7677
4002	9727
9185	1508
3515	9846
3597	9936
6819	4880
5195	2644
1668	8853
8383	9953
2876	4941
4194	3852
1599	8563
1058	3077
4096	6103
7760	6036
7773	6147
3555	2530
6798	1701
8018	4507
790	7742
1410	7155
7928	333
3905	5416
1261	2807
5451	9377
9604	7123
7395	2179
4001	2441
5254	2530
8724	1473
5381	7484
4262	7357
8092	1832
3598	7037
726	6998
3581	4370
432	6382
5956	6882
6319	3856
4494	1163
4107	7970
2496	9209
433	168
9897	2096
7415	6461
989	9909
4727	1026
4618	3731
1549	9663
1754	5814
7542	7700
5953	1629
9327	6812
6841	9273
619	7799
5585	171
1813	7091
5287	9101
908	8003
3445	3657
8652	642
2182	387
4807	4126
7488	9255
4804	7007
2697	8870
4549	6354
5120	626
9647	6104
8403	5491
1192	2510
7187	2394
4888	2307
7875	8460
8168	497
9240	9810
4684	54
7741	1673
4416	5294
2599	4414
1251	9292
929	6474
4834	9771
2883	2832
8598	4544
1957	485
4955	8800
7435	7350
2026	7370
2689	1550
1860	5545
2230	3949
2892	9532
3388	7157
6784	2240
9993	5900
2030	6639
515	1877
6029	3050
1656	7696
6417	7223
5466	8047
6475	9645
5223	9838
6727	9016
8155	4857
4337	6880
6565	1502
4289	8460
7891	5589
5079	1324
3479	2246
6347	4952
8557	20
2674	8365
7097	2258
1119	6433
6527	3235
8292	461
1870	7169
4892	3434
8746	4034
9792	4731
1978	9084
3954	4328
7089	3949
3952	7574
7959	7229
1064	5510
3446	5275
358	5468
5555	6719
3929	3394
8721	5043
7428	2875
4639	6336
8196	3259
5031	9911
3409	8259
4316	2754
6176	2109
9006	4547
4677	9435
3747	1836
8092	7523
7409	8908
2800	2304
3714	6259
8212	8961
1433	7210
1853	1575
6052	8203
1415	6750
6338	2193
261	1574
7951	6357
4974	5649
2958	5462
5437	8806
4597	4629
5737	9623
5700	385
331	5175
5961	4412
9100	9661
9940	8348
4387	2100
6119	1740
3760	1283
2352	5433
2274	5547
9462	6732
3869	4661
3350	7455
9954	7841
2380	8301
4043	760
7749	7321
2479	937
4597	3626
4037	7383
2928	3613
5325	3989
15	3122
398	353
6746	5364
6881	5842
3562	5885
3282	1971
4088	6116
6503	6493
6740	1850
8862	4622
7328	4460
8889	5953
2665	4369
7578	1089
839	6763
1581	6930
1203	4627
665	5843
8466	6855
6960	2605
8609	4054
9256	6541
3020	1212
1898	6489
154	1013
3906	1970
7992	1381
4096	1392
7402	5203
7165	7434
4456	4206
1071	8700
614	6172
63	3529
4355	2830
3984	3328
1639	762
4986	8646
7213	814
6418	2999
6274	3998
7948	9535
7268	7706
3995	4006
5905	1363
8177	6328
7655	4524
5485	3541
5460	7759
3024	634
3858	5101
8674	7801
7604	3150
7561	3617
5550	1788
3880	3325
2647	2551
5609	9358
2818	5088
923	1626
966	7548
2492	7888
1645	5545
8479	5418
9664	4603
6639	4144
9156	496
2562	8864
6016	2157
2694	2370
291	69
2319	6643
3730	7331
4291	6971
7485	4130
1774	5335
8016	9926
6148	9608
7067	7224
7381	2047
6306	8050
7624	3180
5338	9460
6721	7935
7038	2486
3290	8790
1380	8238
305	8937
3173	5711
1842	8222
9430	9661
7008	659
7923	383
2664	5215
2050	1779
2853	7664
9201	556
2449	2672
9724	1299
8402	5336
421	3155
5295	1002
797	1376
8801	1855
5839	4613
286	6288
322	8132
6829	851
6166	4743
3862	3196
7164	4237
9312	5597
293	461
4422	1357
8690	9169
802	5483
8350	1191
9779	4917
1629	6823
9662	9889
9784	6226
7594	3824
8917	2709
1094	6984
2803	5083
9077	3063
9071	1685
7352	6808
5128	2355
251	8969
5131	6935
3228	4151
6086	6240
9615	1833
7204	7342
9994	6675
8170	9417
6268	665
258	5540
4643	3008
5817	8522
42	5877
2751	8562
6731	6043
5631	8552
6525	6703
2685	7836
3056	6517
8381	7250
1066	5934
4609	1708
1530	9021
9681	7982
768	8362
343	9105
9698	5345
1239	3778
6027	6886
1898	5558
8152	5472
3280	3814
6700	2362
7427	6135
9317	1825
4744	474
918	2180
697	5626
9924	4696
45	6361
7960	5166
8783	2269
3443	8694
869	1136
8539	6967
5058	945
458	3975
6498	8074
5519	3470
1044	7407
7905	9673
4514	313
3962	8665
5967	8957
1382	4711
8531	5368
2554	1797
2075	871
6285	1255
7336	6154
1256	213
3505	1834
6109	7808
9689	6638
4072	1588
1259	6514
4842	9985
4438	4731
6094	1367
2663	23
4651	7996
1538	833
6795	4783
2574	9111
1349	9374
8761	8755
2306	2510
276	2669
5690	5015
7691	8811
3131	6614
3485	9378
5206	5014
1421	4505
2208	5531
4214	3802
9069	5995
8793	2039
6884	2913
6737	4616
113	3684
7548	4495
4215	4295
977	4585
8318	3764
4119	8856
8779	9862
1797	477
9579	3955
5677	3714
1427	6254
6475	8691
8678	6533
7906	7769
2475	5874
6874	6687
7603	4114
2433	8710
5484	967
1087	9654
342	7133
4341	61
6614	1846
1731	2042
5492	6471
7719	6255
9423	3497
5861	7481
6751	8058
3730	7142
4055	6136
6527	3155
542	5524
92	9777
7172	333
5228	1561
2802	7384
8765	4964
8888	8263
1030	5403
5266	4263
8482	4173
786	6261
6114	9529
8155	2129
3417	4186
1153	1178
5796	5376
7536	191
5612	6836
6114	3630
7193	5513
5585	3680
3199	6738
9644	6252
9969	7418
6661	7081
5509	1756
7772	4451
3217	4786
6761	5161
1757	1968
4974	7178
9920	3394
6154	1140
9836	1110
7975	1500
1068	7572
2601	3228
9346	6611
7130	1535
6197	1375
7051	3848
702	6181
7649	9688
5385	221
7320	1093
241	5081
5084	5035
7348	8043
1351	6285
5082	1251
7790	8362
7141	5010
6406	8003
4117	4827
3231	9372
7370	3175
6834	3883
6310	1343
6491	6397
9679	7335
7800	8514
8134	9503
7424	3583
502	7000
8052	3991
7304	9404
6693	4533
521	1325
4496	937
1118	9545
9320	9765
2671	1391
2040	4796
8044	146
840	180
654	2697
6220	1047
7002	5394
1677	6453
1553	6434
615	218
2598	5707
61	1117
5159	1162
7293	6527
1459	938
6163	7242
1369	8099
3076	4548
1196	7695
6788	7228
2406	9027
6117	7760
4660	5763
1622	5052
5024	5698
7024	3909
5771	5889
1911	9203
2099	6541
3366	6057
84	9891
4341	4635
7124	5746
4879	7606
8606	6433
5122	1991
7588	5775
5077	2362
8673	9994
6583	4899
3479	4549
6774	6335
7315	7288
6303	896
5867	6704
744	7020
7152	8733
1131	1585
8807	3788
7080	1575
2392	3047
6145	4657
5176	1430
4415	4758
191	8165
8316	5103
4562	1390
5745	9398
3063	4659
3752	2798
9083	9073
5879	4207
5060	8180
835	6461
4027	1328
4547	7888
6531	9935
1210	5937
517	1081
4269	161
1719	1090
5243	7295
2283	7854
4447	261
4661	2517
4499	6748
5472	1041
3229	4543
8027	6145
3312	5232
3687	7734
1101	8895
6547	6405
5704	8155
2899	4860
2574	4087
2750	8411
4402	8379
3001	8013
8189	1033
4954	7775
7322	160
1169	9713
2199	332
1434	3435
5829	2643
6059	6343
732	7387
3832	9319
7772	6067
5182	151
8332	3074
7519	868
1705	9396
9052	1712
3470	9141
5223	3297
5973	6942
6049	3393
1535	613
1839	3886
2671	1087
8502	7235
1939	4782
2170	9996
2672	2725
3875	7685
7066	1145
868	8226
4636	9025
2121	1544
4519	6290
3237	5721
4162	6077
4587	7713
4746	4265
6659	4047
2445	2824
5130	7999
5063	5550
1228	2592
5065	1718
8013	4360
8918	6523
8138	518
2533	2060
4358	1944
4617	5682
2615	7276
7585	320
1193	6896
3399	6100
2772	6215
7518	2683
2963	4295
644	7415
6989	1628
2111	9558
5147	2456
5378	5987
52	4203
2816	6916
4405	3167
25	7479
3115	7441
3208	9019
8973	1381
6005	5403
6722	9444
9842	2988
7502	3143
6948	7376
8094	6829
4912	8559
3664	6860
3708	115
2987	6361
8265	7666
2134	5992
8584	6061
8095	8991
7592	2326
1214	2535
2304	3236
6169	7426
4555	8057
5342	1844
5096	2373
4088	1653
8371	4562
4013	168
5508	4183
5101	6075
5529	9958
4417	9118
9526	9627
8199	6128
8152	4811
3372	4793
8984	2713
5197	19
7103	2401
6657	4323
2229	4570
3722	381
8184	651
8133	8925
7465	2794
3687	4785
5529	7015
9804	337
2693	7063
5451	7977
8746	4343
7154	9442
9717	374
2383	5895
3777	3681
225	3901
3439	4506
846	3491
4424	2678
4266	5898
3632	8574
4648	6938
7152	3473
1376	6214
1786	5066
1056	9998
9176	8522
5105	2652
6596	582
3131	8109
724	7980
5314	5096
2417	992
6892	4509
8661	4391
1286	6716
1733	2167
357	7437
1406	1488
5571	4640
9476	3971
2272	1878
2419	2928
4056	8454
5255	5424
2554	1730
2558	8778
3427	477
5757	5221
4075	153
8216	1711
3706	2052
1701	2906
269	4680
8930	4601
3718	5868
5703	2714
6676	5422
3361	4102
6205	8886
6494	6951
5514	4511
9957	3227
921	3979
6115	1329
3285	1990
4816	4527
3792	3486
217	7222
8209	632
746	763
6735	6839
5403	1004
7487	5621
8544	1478
7570	6671
2479	2748
974	8340
9003	5593
8999	4826
8456	2199
9483	3835
3260	2102
1383	3621
6707	9028
1478	118
4875	6974
9344	7728
8517	2313
1846	3604
1047	8844
447	790
8539	9292
7619	7787
4407	7548
1345	588
7511	3868
9531	7529
2250	1040
90	4393
1486	228
7092	3008
9543	4515
6087	1498
2671	5059
289	3525
6289	3310
8332	6580
7973	5774
9145	7711
5003	4808
1694	7326
1178	3983
5282	7497
3844	6016
3986	9767
6316	6000
1466	9789
3274	2579
5107	3918
6993	5017
927	5308
6935	647
5891	470
526	7180
2446	645
5551	6532
2411	7130
9324	543
6370	4648
9905	8893
1134	1201
9485	2821
9875	5107
270	7749
1874	9807
8947	3660
2275	2508
7473	7595
7430	6404
3129	6646
5761	4781
5790	7385
8286	2802
4038	3784
3720	6596
709	5705
9773	9294
931	1785
8949	8018
2130	6722
1910	1786
9413	8973
7331	7487
1263	8848
689	3661
4736	5616
8093	1281
6917	8280
3906	377
1840	463
2379	4850
4531	6295
6364	9305
5953	7819
3623	8213
3321	6726
2392	7205
4179	6747
1219	9640
4279	5227
6841	6488
7972	5955
9174	9829
4174	2291
5924	3657
3921	4097
2715	8870
2172	7891
785	9218
1434	2593
6679	4874
5153	6623
7834	227
7853	2634
8562	6172
452	8137
3813	9384
5453	1995
4601	7917
132	5079
3526	5046
9056	8794
4660	2018
3679	748
6275	7095
4448	3940
7650	8980
4444	5924
1109	8645
707	101
3401	2078
8651	9958
3017	1337
4208	3036
5570	4357
6171	8027
7341	2000
4316	7545
2173	9946
3017	2049
8732	8928
5952	9861
5744	8106
2174	3229
4526	5437
5437	9864
6830	1718
8506	9975
6978	9241
5140	2123
9490	7254
1482	5242
9170	5829
3931	4160
1672	5347
69	500
6801	4906
1133	756
5783	6795
759	184
4665	6560
6071	8848
3165	3085
3216	3977
6109	7319
7606	8907
4720	4387
5990	7144
6719	1173
4879	5165
2412	7942
2253	4688
8673	6394
445	3301
1265	3853
4063	333
7258	4902
1168	865
4281	9788
8577	387
2037	909
1541	5288
2487	3780
3880	4545
6936	7633
4411	1386
1996	8649
1154	6591
6745	7180
7126	5132
535	9663
4517	2587
7816	4218
3414	3400
191	971
1140	9145
833	8723
9094	4563
2895	4179
4936	6970
7759	1862
7150	4768
9189	9404
1269	8951
7013	215
9393	7232
9915	4830
3936	9459
1224	2382
8376	8484
3224	7387
6726	8967
8636	5307
2243	1072
2289	3926
1198	7971
7635	9518
7118	4033
768	3442
4586	9177
5680	4491
3950	527
8829	8876
1686	3851
3281	9890
2353	1884
5373	3929
596	5707
7907	4408
406	3494
4047	1914
9689	4075
1846	8982
74	6400
3567	672
6895	5652
4816	7124
2324	5277
3478	2411
8009	533
3649	778
1962	7364
3292	739
8244	2237
5866	4190
4997	4087
8249	7717
2480	2861
1371	2131
9512	2362
1561	5542
1037	6443
4285	9697
8351	24
5884	6225
2233	2647
5972	2176
701	6824
8452	7979
6293	7346
2830	5313
799	6603
219	8110
3997	2935
6108	6563
6135	8649
7730	1208
3337	9490
502	7483
5707	880
639	9621
9256	8398
8225	8258
2075	6320
4930	9060
7146	8875
8313	7983
802	6983
9159	2665
1293	5272
2755	8688
5695	6688
3316	8906
8351	3175
466	800
2139	9023
7860	5201
5768	6487
71	9752
1721	2586
8666	862
2658	7911
1453	8854
2976	2848
3034	7576
5809	8716
4978	7383
6544	3573
9046	5312
3346	9410
2577	5083
1945	885
4294	9864
9158	6528
2983	6157
6194	3827
8809	4495
6913	9179
2362	6423
533	7616
5221	8517
7563	1077
8324	2654
8213	8012
8928	6953
6001	231
8393	8554
9099	4627
710	9151
6834	2328
5376	5832
6037	1259
6327	286
7126	5126
6008	763
802	1594
9561	7526
696	1253
1498	9634
524	4032
2785	1938
6732	159
4471	6607
1820	5822
7965	5740
8858	1529
2214	5681
4672	257
3503	725
7494	6032
8066	5856
5102	2511
6977	8289
4352	6406
9415	8431
3668	1515
5807	3019
8000	5966
7628	8044
6034	6897
3956	6361
8792	2474
1488	349
8008	2968
8162	6128
2219	7580
4028	785
1707	9258
242	245
8686	2756
9287	1800
2906	201
6889	7677
8262	5889
7893	8684
7862	806
651	6305
7558	7123
6359	800
5751	4036
5246	1108
4660	1463
233	525
9502	6225
9986	2580
2529	7817
6138	7757
2209	6149
8516	9344
4946	2316
3829	3430
6289	7668
4647	2326
255	3951
3338	4002
9433	4893
2249	8752
2594	3650
1961	7869
3386	7556
3234	8802
2443	4398
8772	883
8673	6057
9728	2270
8808	2273
836	1520
9743	9872
1877	7554
2435	8859
4684	5267
9665	8378
401	4429
6684	6881
3474	6460
2189	8409
2313	7633
9694	7542
743	3624
7487	8345
2241	2359
9785	9155
8766	2100
6658	1039
7291	8288
2500	820
9346	959
3058	7896
331	5510
5256	2475
2657	8016
5333	5310
8970	4912
1993	6812
4785	9947
7576	2916
7363	5437
6413	9389
3717	4410
4934	2863
3671	2701
6655	9191
9159	7960
6914	8788
6078	4339
5131	7037
384	8387
5209	2614
4133	7053
7004	683
3342	8833
4244	4875
6127	1621
3197	7983
5048	2550
4949	9581
7902	9952
6274	8380
5901	3512
483	2628
1871	6027
4069	879
7449	2417
3576	9947
1845	7269
966	4694
2891	1019
2966	7845
9934	4894
7440	8901
2948	1444
3412	3758
5945	1449
5479	5659
135	5965
1954	2667
2343	8521
4828	6583
3574	2181
603	7823
8743	4608
5322	9072
2911	4878
4404	970
5499	948
4936	3010
2820	2337
30	3144
6318	132
8724	1913
4504	53
4801	9234
1121	2648
2579	2928
3832	7541
4044	6285
6072	620
6825	7327
3502	4448
4209	7066
7416	8368
7647	9503
5067	9177
3591	9802
3111	8103
7121	7276
1834	3124
1871	6948
5092	9493
8690	8082
6130	1916
6115	2003
2838	3697
6016	9189
6232	3271
2792	1209
3837	1131
9018	5517
5045	2194
9608	9869
380	135
1262	3985
2110	3850
1250	6085
8031	2814
9810	5946
4557	5456
8811	8211
1170	1712
2465	7977
3303	7187
50	3661
7641	5098
3063	954
3491	4593
4339	6244
17	2438
7665	8184
1547	9211
287	8489
7482	824
9998	84
6105	704
7382	7710
5471	2306
8345	2523
7975	3739
892	1391
9148	9169
6751	2585
6338	5394
4366	9097
9827	590
4126	2863
7589	1120
2592	2823
1314	9891
4458	9751
6108	5808
9352	7793
161	5472
7009	1893
6046	6234
7188	1026
5620	4468
5908	2989
3326	1185
9103	6926
5686	6038
9842	5110
8840	9435
6173	3643
6942	9926
8145	9141
4626	5789
9852	3292
7964	4127
1587	9193
5202	6669
2409	5727
2964	8078
3704	74
6511	7844
3486	4408
8996	440
8337	3864
396	8117
4669	8901
7728	2392
2134	1025
966	4793
9277	4403
2303	5067
1798	7348
8584	5646
8466	292
8311	9351
1941	1987
9417	3923
7542	6459
6150	7275
3961	4600
5943	6645
9458	4810
159	7212
9400	7819
1441	1462
1914	8092
5030	4933
8100	1399
578	969
7656	4967
2716	2680
4083	1481
6252	2691
632	3852
3750	5661
3513	1564
172	6300
5444	7257
5350	8288
4245	4856
4629	8389
1367	1410
6064	7339
871	5024
1376	2594
7712	7773
6011	2325
2965	5724
7922	7850
6958	6106
1197	1806
6940	8353
9318	1387
2252	7351
8606	6459
1799	7626
5851	3931
8735	9675
3145	4139
204	3853
2064	2998
4936	158
4523	3599
9606	2208
8324	5388
9191	7446
2257	4780
5629	1179
3106	7478
3618	5916
3598	5117
3381	2769
4464	4603
5826	8899
5682	6233
3227	9696
768	8297
2319	8264
456	8099
4279	3213
3528	3364
4945	7581
6782	1952
6297	398
2548	2689
1607	4944
7300	2355
8047	7651
2603	1543
5482	8294
5255	5628
3166	3273
4470	9325
8977	9414
7210	5721
1117	5264
316	985
6059	9708
8074	4723
7156	8719
663	4854
9006	3114
7092	6793
128	9657
2976	8732
3421	1954
7572	6783
7931	1985
5601	5489
5642	5503
1722	977
8250	7040
5306	6257
2768	2841
3576	8880
7472	5667
2194	2428
1504	9331
8494	666
5324	2911
6739	5695
5370	5259
7457	7529
9371	8761
3436	9708
7247	4213
2744	2309
9173	1438
3031	1669
735	5765
2053	4399
7472	9356
6521	2909
3833	8464
7268	952
4415	4329
1107	1685
4520	1841
8737	536
1748	6129
8902	8990
6954	4139
4117	618
5143	9134
7088	2320
7468	7147
865	829
474	9108
5642	7887
3665	2176
1412	5381
7724	5375
8227	1218
9314	2521
2554	3777
3539	8406
7091	2334
3410	3207
4458	3694
5956	4848
4483	5850
8884	1272
2546	143
9195	9530
3339	5001
4126	2724
6250	1289
286	11
8239	1501
2689	8948
1032	8380
527	5322
6587	9297
9347	4008
9809	5637
5325	3534
5708	5332
8064	4405
9489	2660
4797	9110
3410	9448
3826	6661
230	8187
3762	2200
606	1306
1637	2781
5282	2090
5430	5197
7667	8153
8164	1773
1479	1676
289	2868
5341	5080
854	5464
384	1516
6875	4074
9756	1897
6843	5954
9066	8351
358	1896
4823	818
7761	967
9584	433
5608	88
6684	5277
9466	1318
9125	1912
1253	5037
12	7511
9881	4421
7490	5475
6743	526
6673	9590
388	1503
582	7872
500	6469
440	4160
8776	3279
9936	5182
8274	9962
7764	4971
8165	1530
286	3696
3432	4167
1466	1264
4746	394
155	5378
2546	138
2374	3632
5465	1419
9343	6577
5119	2521
9094	2348
6732	4104
7460	1765
8500	953
5770	8691
7877	8241
7038	4110
6044	3284
4591	8879
5105	9773
1700	6844
7392	8883
1066	5743
6122	5618
5630	4839
6935	3857
5646	8123
2811	4326
3603	4450
9098	1387
4071	814
4668	9498
7487	8825
4940	9492
2350	4056
4669	6778
4085	6121
7117	6922
5268	8789
7699	8314
6203	4191
7888	1749
4516	4672
5910	8562
1472	365
8928	1499
3030	3520
8151	1385
5192	3065
4912	3880
3985	4543
2199	6999
9514	1425
4078	9288
5020	4654
8739	8821
8218	7249
9468	7006
6568	7569
9487	1366
8571	1414
1435	1501
7201	2411
5158	1410
5447	3764
6147	3289
6842	9643
821	3421
109	6558
9519	5772
2084	5728
6431	5029
1508	9975
8722	361
5550	1559
732	7829
7167	5024
6043	3451
1930	3460
4990	579
211	846
478	7754
2964	3675
9940	5142
9830	5670
7096	7960
4691	1752
1024	7937
4489	8411
9254	6377
3370	9581
1781	6706
494	6693
5759	9114
5553	7799
5416	2235
7052	1313
6380	2154
4756	1002
4134	4387
1043	2889
6846	2932
300	3574
2963	4848
5490	8429
2205	4822
1564	5187
2472	92
5529	2268
910	5306
9211	
7352	
9966	
8777	
1330	
1356	
5410	
6421	
3117	
3875	
7609	
5430	
8407	
5489	
9408	
6884	
1958	
9430	
2252	
3113	
7507	
253	
3749	
6173	
7495	
515	
7493	
8770	
1631	
8757	
7067	
89	
2363	
8829	
941	
6322	
2515	
9357	
3119	
3596	
6426	
1727	
9685	
123	
2801	
4511	
4292	
2752	
793	
4452	
6915	
5479	
1397	
4269	
5410	
4608	
5932	
6588	
3250	
4156	
2554	
1625	
2222	
4779	
9245	
4969	
6220	
6603	
210	
6607	
72	
3721	
4926	
9806	
7949	
3545	
4243	
1917	
2257	
2065	
5232	
8372	
4522	
2534	
4591	
8924	
2751	
4176	
5853	
8978	
2637	
422	
4574	
6320	
2882	
8917	
1312	
6242	
5918	
2168	
4239	
174	
3170	
708	
8700	
8933	
2301	
191	
3786	
3059	
7773	
276	
7430	
3838	
3724	
1939	
4847	
6218	
9332	
9551	
9543	
2937	
635	
4685	
2449	
7043	
1831	
7256	
8991	
8502	
6129	
515	
1184	
9471	
211	
2679	
4284	
6316	
3341	
5834	
5010	
450	
2380	
1477	
8866	
375	
9800	
762	
2546	
1817	
6815	
9417	
1707	
7223	
31	
3434	
2709	
1607	
7966	
7027	
553	
2930	
4122	
1	
3034	
5266	
5213	
9096	
6998	
9321	
9544	
9106	
2650	
1699	
2831	
6142	
9503	
2874	
1375	
2486	
3622	
2444	
1874	
7590	
3230	
298	
5539	
7997	
6941	
9826	
118	
2057	
9051	
4792	
3060	
4688	
9437	
1716	
2714	
9054	
4509	
6962	
5103	
6782	
8644	
1246	
7847	
8929	
2975	
6882	
4784	
9817	
2418	
4987	
3665	
6421	
3791	
9637	
4748	
1986	
7712	
8658	
1512	
9044	
4633	
2713	
1725	
9235	
5144	
3887	
1905	
5652	
8410	
4166	
6630	
1907	
5660	
5804	
7030	
7891	
8194	
52	
4057	
2937	
2408	
5292	
3607	
7959	
4411	
3245	
7289	
5749	
9316	
8130	
9716	
708	
4778	
1833	
4106	
9820	
5060	
84	
4657	
6335	
9065	
842	
8899	
6721	
492	
1479	
6725	
3252	
2384	
9338	
4598	
8032	
8244	
2133	
3296	
6562	
673	
3069	
509	
4939	
3132	
2990	
7416	
2822	
6321	
1627	
9190	
5489	
4354	
5459	
635	
5357	
3465	
2863	
2220	
5653	
4168	
5045	
6560	
5357	
9603	
6281	
4068	
2151	
7710	
6145	
5508	
5383	
8977	
8949	
1299	
3811	
7829	
4362	
1921	
8807	
634	
2491	
9215	
4120	
2424	
2801	
3827	
3045	
6224	
3412	
3068	
7964	
3581	
9070	
9847	
2256	
7644	
7901	
6726	
7715	
2637	
3468	
6461	
8547	
311	
7561	
6249	
6859	
6188	
1258	
7938	
78	
6365	
2227	
6552	
6322	
2046	
2464	
4923	
2258	
3377	
6339	
5468	
5997	
9190	
7926	
3374	
3487	
2072	
4568	
6273	
6243	
7005	
9650	
8644	
3078	
6005	
4680	
9435	
8479	
8133	
4293	
199	
9512	
7193	
279	
913	
7418	
6749	
4749	
5196	
6543	
6815	
4694	
1470	
7652	
1521	
6356	
8235	
2127	
1608	
8378	
7294	
7043	
7333	
9755	
9532	
4980	
3106	
2644	
7981	
4549	
5587	
7721	
9703	
9028	
9758	
9421	
6555	
6725	
4236	
2126	
4332	
7481	
4011	
5463	
2321	
8226	
4165	
519	
9588	
2657	
5986	
7714	
457	
1411	
7355	
2123	
962	
6283	
4446	
5911	
4878	
4972	
9870	
3680	
625	
458	
9745	
5203	
7235	
1933	
4063	
5323	
5419	
8868	
1973	
4294	
8710	
3484	
1490	
3925	
9115	
5405	
7660	
1881	
1098	
8379	
5696	
2239	
1730	
7420	
9218	
9654	
6996	
2549	
3272	
2056	
2859	
1827	
8186	
4173	
3603	
8958	
4798	
5738	
3383	
1222	
9122	
4686	
5836	
4362	
943	
2278	
4468	
2825	
1107	
9483	
3089	
2843	
5314	
3368	
6828	
3963	
7290	
551	
3154	
8485	
9005	
5949	
2083	
672	
4253	
3468	
9515	
9708	
2707	
5093	
2581	
7628	
1202	
2642	
1453	
2294	
2547	
6638	
8461	
1300	
6205	
5539	
1159	
3718	
2562	
3251	
9801	
2334	
5845	
1364	
9066	
183	
7001	
1659	
2912	
8219	
3809	
6685	
2668	
4085	
5371	
7791	
7009	
1437	
5847	
4556	
6705	
5582	
7592	
8735	
8957	
7229	
9	
6472	
5107	
3125	
6068	
8822	
5592	
4944	
159	
932	
6942	
9742	
8825	
2921	
5446	
3510	
4256	
9260	
1447	
6665	
8628	
9640	
9432	
3544	
9517	
1910	
249	
4430	
5157	
2337	
5745	
8195	
3372	
276	
8357	
2588	
6481	
1279	
9079	
3973	
4934	
8023	
5920	
1905	
8121	
6173	
3689	
8445	
1889	
8753	
9151	
9390	
2883	
391	
4205	
7762	
7028	
1958	
5847	
9054	
2520	
4190	
3161	
3953	
9524	
7748	
4858	
7122	
6685	
2611	
4517	
3375	
1388	
888	
2121	
3931	
7222	
502	
5981	
4317	
1245	
1034	
2607	
944	
1357	
6011	
8588	
5902	
9186	
255	
8100	
1588	
2988	
8002	
5810	
7221	
2557	
464	
1343	
5314	
1912	
5967	
9216	
4343	
1404	
8563	
5771	
1436	
5580	
617	
6483	
4175	
2380	
5936	
9269	
1291	
6829	
1421	
1717	
6045	
186	
2770	
9774	
1785	
9415	
9090	
8877	
8797	
7212	
1468	
4148	
330	
2150	
3528	
6097	
6266	
1537	
1362	
5875	
7844	
1467	
9311	
1675	
4327	
4484	
7230	
6289	
392	
5284	
3770	
3319	
5843	
3230	
7030	
9394	
4768	
3942	
6520	
5283	
973	
1297	
6974	
8171	
4189	
1892	
4129	
1558	
6524	
8615	
5106	
9416	
6016	
8206	
460	
1270	
4806	
1005	
1308	
1801	
7287	
4275	
2477	
4356	
3030	
712	
5714	
463	
889	
6202	
9187	
4523	
5120	
1271	
9996	
5268	
4547	
9070	
5665	
2327	
3961	
2732	
6142	
9429	
6469	
6245	
1217	
5528	
5727	
5088	
8345	
6593	
8354	
9310	
8231	
9141	
7542	
4583	
6443	
2621	
8837	
1288	
2989	
9240	
3738	
6013	
8522	
3048	
9401	
3184	
6709	
8740	
3794	
2973	
1297	
2678	
3301	
2879	
6944	
9250	
2833	
4567	
3381	
301	
7945	
9263	
1672	
7379	
6497	
2820	
3517	
6898	
7577	
256	
1532	
9668	
995	
6351	
1971	
7408	
1935	
3339	
9402	
2631	
1243	
4481	
8739	
7650	
3911	
5660	
5278	
8363	
6099	
7228	
8465	
9756	
8956	
6284	
4119	
8675	
2859	
634	
9186	
3355	
2348	
2603	
6696	
2255	
5964	
1943	
7832	
9984	
8429	
2883	
607	
5405	
6260	
978	
5147	
4425	
9867	
1264	
7607	
5754	
5173	
3191	
4792	
9561	
2561	
216	
2925	
9841	
1611	
4880	
6570	
960	
2099	
9965	
7775	
7586	
9076	
7806	
4591	
2250	
4498	
8362	
6101	
3474	
5062	
6208	
7088	
5054	
8996	
8242	
2897	
2300	
8598	
9202	
9644	
6969	
6137	
5305	
6102	
1944	
9480	
4395	
9177	
2231	
9455	
5068	
5564	
9823	
2955	
8069	
6834	
4653	
9530	
8188	
8945	
9040	
730	
1885	
9313	
6423	
2342	
5125	
5102	
7475	
9163	
1177	
7376	
4904	
6851	
7535	
8721	
4624	
3321	
1484	
1947	
6060	
6099	
1272	
795	
8948	
5516	
686	
1316	
3520	
2942	
6480	
3955	
3312	
2368	
3101	
6867	
7286	
8010	
1955	
8185	
5463	
4308	
162	
9106	
9295	
8391	
2257	
8561	
4850	
6095	
5686	
7382	
8014	
9381	
5441	
1864	
843	
6294	
7972	
8271	
6909	
9543	
5684	
5827	
2379	
8854	
172	
3693	
9811	
9729	
2051	
5856	
8594	
4654	
3075	
4543	
7000	
1643	
9985	
4110	
2470	
2579	
1669	
8272	
4211	
9900	
8332	
3895	
9918	
360	
6335	
436	
1512	
5652	
9546	
4308	
9123	
4388	
5803	
3742	
7105	
1495	
4963	
7804	
781	
5915	
2893	
4947	
9509	
1272	
4740	
3902	
4926	
680	
1692	
3938	
4929	
6280	
7272	
677	
6637	
593	
54	
5437	
4444	
444	
1162	
3588	
2797	
3516	
1692	
8061	
7095	
6423	
6735	
8134	
6265	
3372	
9676	
2566	
7183	
7343	
4221	
2192	
2369	
2639	
3195	
1549	
7610	
5239	
7089	
2308	
3184	
2525	
8244	
1936	
4518	
1415	
6063	
6837	
8355	
2655	
7316	
6363	
844	
6210	
9355	
8479	
3822	
8498	
6746	
6650	
5742	
5319	
1365	
6595	
2957	
4227	
6940	
3642	
5958	
8361	
8798	
873	
685	
1610	
8594	
3720	
7358	
4330	
2227	
2309	
1911	
6737	
316	
9940	
927	
8651	
9088	
1990	
4472	
428	
3076	
3206	
4398	
3766	
8156	
1715	
1031	
9181	
6967	
1882	
2686	
822	
8025	
3219	
8247	
8376	
8096	
4461	
5573	
7728	
6616	
1820	
5303	
2626	
1483	
9163	
7829	
520	
3930	
1032	
7197	
982	
6310	
6951	
2592	
3067	
2011	
5795	
979	
3287	
6166	
2337	
8174	
3837	
7698	
2878	
3717	
9146	
1527	
4946	
5338	
4009	
4409	
2530	
3969	
9985	
7513	
2686	
5876	
1286	
499	
9663	
3987	
1467	
8782	
6231	
9969	
1925	
3931	
2529	
1465	
5039	
8004	
8784	
